0.000000000000000000e+00 2.279820141496218007e-91 1.239547176569144542e-123 1.000000000000000000e+00 0.000000000000000000e+00 0.000000000000000000e+00 0.000000000000000000e+00 0.000000000000000000e+00
0.000000000000000000e+00 0.000000000000000000e+00 0.000000000000000000e+00 0.000000000000000000e+00 1.000000000000000000e+00 8.073229519842662145e-100 5.616992810553991583e-82 4.094934316436718472e-192
0.000000000000000000e+00 0.000000000000000000e+00 0.000000000000000000e+00 0.000000000000000000e+00 1.000000000000000000e+00 6.493423643562538183e-105 3.370567514324750291e-84 1.022838818884306520e-194
0.000000000000000000e+00 1.902411287137680317e-78 1.034348498253538923e-110 1.000000000000000000e+00 0.000000000000000000e+00 0.000000000000000000e+00 0.000000000000000000e+00 0.000000000000000000e+00
0.000000000000000000e+00 5.000000000000000000e-01 5.000000000000000000e-01 1.306070536164250132e-166 0.000000000000000000e+00 0.000000000000000000e+00 0.000000000000000000e+00 0.000000000000000000e+00
0.000000000000000000e+00 1.358324246699115637e-180 3.818911329828984860e-112 1.000000000000000000e+00 0.000000000000000000e+00 0.000000000000000000e+00 0.000000000000000000e+00 0.000000000000000000e+00
1.000000000000000000e+00 0.000000000000000000e+00 0.000000000000000000e+00 0.000000000000000000e+00 0.000000000000000000e+00 0.000000000000000000e+00 0.000000000000000000e+00 0.000000000000000000e+00
0.000000000000000000e+00 0.000000000000000000e+00 0.000000000000000000e+00 0.000000000000000000e+00 1.052691850358739655e-87 1.000000000000000000e+00 1.778418152893539164e-69 1.172385508511944844e-144
0.000000000000000000e+00 1.179760131308601185e-59 1.000000000000000000e+00 8.886100705705566136e-134 0.000000000000000000e+00 0.000000000000000000e+00 0.000000000000000000e+00 0.000000000000000000e+00
0.000000000000000000e+00 0.000000000000000000e+00 0.000000000000000000e+00 0.000000000000000000e+00 1.000000000000000000e+00 2.733795585801830410e-153 1.179760091634792103e-59 4.191791133234450547e-216
0.000000000000000000e+00 0.000000000000000000e+00 0.000000000000000000e+00 0.000000000000000000e+00 1.000000000000000000e+00 0.000000000000000000e+00 3.967380916891011889e-67 1.067966443604021849e-235
0.000000000000000000e+00 0.000000000000000000e+00 0.000000000000000000e+00 0.000000000000000000e+00 9.955816343089423676e-174 3.969730849426412368e-174 1.179760131308601406e-59 1.000000000000000000e+00
0.000000000000000000e+00 0.000000000000000000e+00 0.000000000000000000e+00 0.000000000000000000e+00 2.199082959548821122e-278 1.000000000000000000e+00 5.410695319679547019e-107 8.876439373940330068e-159
0.000000000000000000e+00 0.000000000000000000e+00 0.000000000000000000e+00 0.000000000000000000e+00 1.056806771232862490e-215 1.190323462696358538e-162 4.604957619702476225e-107 1.000000000000000000e+00
0.000000000000000000e+00 0.000000000000000000e+00 0.000000000000000000e+00 0.000000000000000000e+00 8.100163521420285344e-214 4.931513132150737443e-168 8.057376999770706426e-108 1.000000000000000000e+00
1.000000000000000000e+00 0.000000000000000000e+00 0.000000000000000000e+00 0.000000000000000000e+00 0.000000000000000000e+00 0.000000000000000000e+00 0.000000000000000000e+00 0.000000000000000000e+00
0.000000000000000000e+00 0.000000000000000000e+00 0.000000000000000000e+00 0.000000000000000000e+00 1.574785066724915814e-51 7.677528882092668921e-96 1.000000000000000000e+00 2.108751631739048426e-34
0.000000000000000000e+00 0.000000000000000000e+00 0.000000000000000000e+00 0.000000000000000000e+00 1.650345578771321539e-110 1.000000000000000000e+00 9.127277537955155624e-69 5.585403924814782907e-100
0.000000000000000000e+00 5.000000000000000000e-01 5.000000000000000000e-01 5.995660776120851484e-87 0.000000000000000000e+00 0.000000000000000000e+00 0.000000000000000000e+00 0.000000000000000000e+00
0.000000000000000000e+00 5.000000000000000000e-01 5.000000000000000000e-01 9.169394090457485308e-126 0.000000000000000000e+00 0.000000000000000000e+00 0.000000000000000000e+00 0.000000000000000000e+00
0.000000000000000000e+00 0.000000000000000000e+00 0.000000000000000000e+00 0.000000000000000000e+00 1.443369096285426887e-64 9.283065277093076172e-79 1.000000000000000000e+00 9.682174931789713812e-19
0.000000000000000000e+00 0.000000000000000000e+00 0.000000000000000000e+00 0.000000000000000000e+00 1.000000000000000000e+00 8.620643106080726246e-92 1.215729135674930462e-28 4.389678203086465802e-137
0.000000000000000000e+00 4.841087467111022925e-19 1.000000000000000000e+00 2.065458127270393144e-123 0.000000000000000000e+00 0.000000000000000000e+00 0.000000000000000000e+00 0.000000000000000000e+00
0.000000000000000000e+00 4.841087467111022925e-19 1.000000000000000000e+00 3.611617315339320542e-62 0.000000000000000000e+00 0.000000000000000000e+00 0.000000000000000000e+00 0.000000000000000000e+00
0.000000000000000000e+00 3.333333333333333148e-01 6.666666666666666297e-01 7.201832505215768476e-54 0.000000000000000000e+00 0.000000000000000000e+00 0.000000000000000000e+00 0.000000000000000000e+00
0.000000000000000000e+00 0.000000000000000000e+00 0.000000000000000000e+00 0.000000000000000000e+00 1.970456336194945860e-187 1.353302264873986246e-151 2.350453869845429913e-32 1.000000000000000000e+00
0.000000000000000000e+00 3.333333333333333148e-01 6.666666666666666297e-01 3.633169962583396125e-71 0.000000000000000000e+00 0.000000000000000000e+00 0.000000000000000000e+00 0.000000000000000000e+00
0.000000000000000000e+00 3.333333333333333148e-01 6.666666666666666297e-01 3.236020170397202677e-70 0.000000000000000000e+00 0.000000000000000000e+00 0.000000000000000000e+00 0.000000000000000000e+00
1.000000000000000000e+00 0.000000000000000000e+00 0.000000000000000000e+00 0.000000000000000000e+00 0.000000000000000000e+00 0.000000000000000000e+00 0.000000000000000000e+00 0.000000000000000000e+00
0.000000000000000000e+00 0.000000000000000000e+00 2.160796765117483832e-133 1.000000000000000000e+00 0.000000000000000000e+00 0.000000000000000000e+00 0.000000000000000000e+00 0.000000000000000000e+00
0.000000000000000000e+00 0.000000000000000000e+00 0.000000000000000000e+00 0.000000000000000000e+00 0.000000000000000000e+00 0.000000000000000000e+00 2.735835275310651205e-50 1.000000000000000000e+00
0.000000000000000000e+00 0.000000000000000000e+00 0.000000000000000000e+00 0.000000000000000000e+00 0.000000000000000000e+00 0.000000000000000000e+00 1.000000000000000000e+00 2.735835275310651205e-50
0.000000000000000000e+00 5.000000000000000000e-01 5.000000000000000000e-01 0.000000000000000000e+00 0.000000000000000000e+00 0.000000000000000000e+00 0.000000000000000000e+00 0.000000000000000000e+00
0.000000000000000000e+00 5.000000000000000000e-01 5.000000000000000000e-01 7.134242356662535977e-96 0.000000000000000000e+00 0.000000000000000000e+00 0.000000000000000000e+00 0.000000000000000000e+00
0.000000000000000000e+00 0.000000000000000000e+00 0.000000000000000000e+00 0.000000000000000000e+00 4.386724979732964595e-89 1.000000000000000000e+00 9.693081181382895269e-63 1.054337123572919994e-95
0.000000000000000000e+00 5.000000000000000000e-01 5.000000000000000000e-01 3.162759038789580344e-59 0.000000000000000000e+00 0.000000000000000000e+00 0.000000000000000000e+00 0.000000000000000000e+00
1.000000000000000000e+00 0.000000000000000000e+00 0.000000000000000000e+00 0.000000000000000000e+00 0.000000000000000000e+00 0.000000000000000000e+00 0.000000000000000000e+00 0.000000000000000000e+00
0.000000000000000000e+00 0.000000000000000000e+00 0.000000000000000000e+00 0.000000000000000000e+00 8.058234483833202682e-189 5.759195523280225497e-140 4.460391767890580678e-57 1.000000000000000000e+00
1.000000000000000000e+00 0.000000000000000000e+00 0.000000000000000000e+00 0.000000000000000000e+00 0.000000000000000000e+00 0.000000000000000000e+00 0.000000000000000000e+00 0.000000000000000000e+00
0.000000000000000000e+00 0.000000000000000000e+00 0.000000000000000000e+00 0.000000000000000000e+00 1.499109913394405644e-191 1.110169481480888122e-63 4.460391767890580678e-57 1.000000000000000000e+00
0.000000000000000000e+00 0.000000000000000000e+00 0.000000000000000000e+00 0.000000000000000000e+00 1.000000000000000000e+00 7.203258083118988883e-299 7.051869825219156297e-137 2.862465993150386322e-223
0.000000000000000000e+00 0.000000000000000000e+00 0.000000000000000000e+00 0.000000000000000000e+00 1.000000000000000000e+00 5.171212431760933067e-206 7.051869825219156297e-137 1.103763511193578625e-214
0.000000000000000000e+00 0.000000000000000000e+00 0.000000000000000000e+00 0.000000000000000000e+00 6.079361235481311398e-136 1.000000000000000000e+00 5.995484332874395744e-207 4.615423374942712704e-168
0.000000000000000000e+00 1.000000000000000000e+00 6.784548218003227218e-136 0.000000000000000000e+00 0.000000000000000000e+00 0.000000000000000000e+00 0.000000000000000000e+00 0.000000000000000000e+00
0.000000000000000000e+00 0.000000000000000000e+00 0.000000000000000000e+00 0.000000000000000000e+00 1.683457570060066618e-56 2.018776304886010458e-92 1.000000000000000000e+00 1.453190800696235835e-102
0.000000000000000000e+00 0.000000000000000000e+00 0.000000000000000000e+00 0.000000000000000000e+00 1.000000000000000000e+00 5.009603299266975559e-240 5.524714664072748902e-57 6.473933256280462307e-162
0.000000000000000000e+00 0.000000000000000000e+00 0.000000000000000000e+00 0.000000000000000000e+00 1.000000000000000000e+00 4.465161008287977531e-163 1.182100103511107628e-56 8.308361175061608133e-165
0.000000000000000000e+00 0.000000000000000000e+00 0.000000000000000000e+00 0.000000000000000000e+00 5.111399985831577242e-58 1.255571007358282318e-127 1.000000000000000000e+00 2.018776304887794032e-92
0.000000000000000000e+00 9.999999999999993339e-01 7.453721323109541496e-16 3.840190015335141774e-124 0.000000000000000000e+00 0.000000000000000000e+00 0.000000000000000000e+00 0.000000000000000000e+00
0.000000000000000000e+00 0.000000000000000000e+00 0.000000000000000000e+00 0.000000000000000000e+00 3.223958558374861386e-117 1.000000000000000000e+00 1.994686939451514595e-81 6.919231528012579223e-111
0.000000000000000000e+00 0.000000000000000000e+00 0.000000000000000000e+00 0.000000000000000000e+00 1.906767990545109601e-110 1.419712035088448687e-73 1.490744264620752224e-15 9.999999999999985567e-01
0.000000000000000000e+00 9.999999999999993339e-01 7.453721323109541496e-16 5.534474444539774216e-118 0.000000000000000000e+00 0.000000000000000000e+00 0.000000000000000000e+00 0.000000000000000000e+00
0.000000000000000000e+00 0.000000000000000000e+00 0.000000000000000000e+00 0.000000000000000000e+00 1.024759969868889746e-151 8.224207914948908186e-135 6.878078529696459916e-49 1.000000000000000000e+00
0.000000000000000000e+00 0.000000000000000000e+00 0.000000000000000000e+00 0.000000000000000000e+00 3.518226000893444244e-51 7.691115220237984217e-117 1.000000000000000000e+00 6.878078529696459916e-49
1.000000000000000000e+00 0.000000000000000000e+00 0.000000000000000000e+00 0.000000000000000000e+00 0.000000000000000000e+00 0.000000000000000000e+00 0.000000000000000000e+00 0.000000000000000000e+00
0.000000000000000000e+00 0.000000000000000000e+00 0.000000000000000000e+00 0.000000000000000000e+00 1.000000000000000000e+00 8.912303833860094001e-175 3.518226000893444244e-51 3.700931185181959827e-153
1.000000000000000000e+00 0.000000000000000000e+00 0.000000000000000000e+00 0.000000000000000000e+00 0.000000000000000000e+00 0.000000000000000000e+00 0.000000000000000000e+00 0.000000000000000000e+00
0.000000000000000000e+00 0.000000000000000000e+00 0.000000000000000000e+00 0.000000000000000000e+00 1.805245637424047907e-96 1.000000000000000000e+00 1.032839006532486808e-97 8.555691929802561981e-133
0.000000000000000000e+00 1.000000000000000000e+00 2.906450740772849179e-58 3.584487309318059568e-184 0.000000000000000000e+00 0.000000000000000000e+00 0.000000000000000000e+00 0.000000000000000000e+00
0.000000000000000000e+00 0.000000000000000000e+00 0.000000000000000000e+00 0.000000000000000000e+00 1.032839006398255300e-97 2.906436966043919866e-58 1.000000000000000000e+00 1.377472892957498634e-63
0.000000000000000000e+00 0.000000000000000000e+00 0.000000000000000000e+00 0.000000000000000000e+00 1.520868580039037800e-108 1.000000000000000000e+00 1.848054638111031183e-48 7.974273158271626968e-141
0.000000000000000000e+00 0.000000000000000000e+00 0.000000000000000000e+00 4.884978966985411067e-274 1.000000000000000000e+00 2.545591039603482215e-157 1.520868580039037800e-108 5.743182250310664591e-203
0.000000000000000000e+00 1.848054638254096117e-48 1.000000000000000000e+00 0.000000000000000000e+00 0.000000000000000000e+00 0.000000000000000000e+00 0.000000000000000000e+00 0.000000000000000000e+00
0.000000000000000000e+00 0.000000000000000000e+00 0.000000000000000000e+00 0.000000000000000000e+00 1.941494419070311684e-129 1.000000000000000000e+00 1.430649798574896592e-58 1.003675822876786161e-139
0.000000000000000000e+00 0.000000000000000000e+00 0.000000000000000000e+00 0.000000000000000000e+00 2.903768812772259164e-110 1.000000000000000000e+00 4.044668728048573388e-90 6.885163493929453949e-114
0.000000000000000000e+00 0.000000000000000000e+00 0.000000000000000000e+00 0.000000000000000000e+00 1.000000000000000000e+00 1.956283658606803874e-121 5.071203812313053287e-47 2.171968582925103977e-156
0.000000000000000000e+00 0.000000000000000000e+00 0.000000000000000000e+00 0.000000000000000000e+00 5.071203812313053287e-47 8.467191487081068968e-115 1.000000000000000000e+00 4.527019947225439119e-62
0.000000000000000000e+00 0.000000000000000000e+00 0.000000000000000000e+00 0.000000000000000000e+00 2.814618014912342799e-167 3.421614630761758233e-124 4.527019947225439119e-62 1.000000000000000000e+00
0.000000000000000000e+00 0.000000000000000000e+00 0.000000000000000000e+00 0.000000000000000000e+00 1.673868208614007588e-56 2.083749608041981918e-157 1.000000000000000000e+00 3.234299698005497459e-51
0.000000000000000000e+00 0.000000000000000000e+00 0.000000000000000000e+00 0.000000000000000000e+00 1.094903118264812300e-156 2.716480720231525858e-111 3.234299698005497459e-51 1.000000000000000000e+00
0.000000000000000000e+00 0.000000000000000000e+00 0.000000000000000000e+00 0.000000000000000000e+00 1.000000000000000000e+00 0.000000000000000000e+00 1.673868208614007588e-56 3.159810049857504160e-162
0.000000000000000000e+00 0.000000000000000000e+00 0.000000000000000000e+00 0.000000000000000000e+00 2.967507883737772846e-128 1.000000000000000000e+00 8.241384695127997751e-79 3.725027034135092193e-94
0.000000000000000000e+00 1.047814422899664534e-38 1.000000000000000000e+00 4.350211025346324438e-91 0.000000000000000000e+00 0.000000000000000000e+00 0.000000000000000000e+00 0.000000000000000000e+00
0.000000000000000000e+00 0.000000000000000000e+00 0.000000000000000000e+00 0.000000000000000000e+00 1.115157523952266509e-173 1.709603464205026057e-64 1.047814422899664534e-38 1.000000000000000000e+00
0.000000000000000000e+00 0.000000000000000000e+00 0.000000000000000000e+00 0.000000000000000000e+00 0.000000000000000000e+00 1.000000000000000000e+00 7.585061873365410480e-90 2.474224626869697900e-108
1.000000000000000000e+00 0.000000000000000000e+00 0.000000000000000000e+00 0.000000000000000000e+00 0.000000000000000000e+00 0.000000000000000000e+00 0.000000000000000000e+00 0.000000000000000000e+00
0.000000000000000000e+00 0.000000000000000000e+00 0.000000000000000000e+00 0.000000000000000000e+00 1.509059286688128207e-318 2.134311926120828716e-182 4.878935281553030771e-73 1.000000000000000000e+00
1.000000000000000000e+00 0.000000000000000000e+00 0.000000000000000000e+00 0.000000000000000000e+00 0.000000000000000000e+00 0.000000000000000000e+00 0.000000000000000000e+00 0.000000000000000000e+00
0.000000000000000000e+00 2.986552455326903516e-53 1.000000000000000000e+00 3.412374368958274109e-76 0.000000000000000000e+00 0.000000000000000000e+00 0.000000000000000000e+00 0.000000000000000000e+00
0.000000000000000000e+00 3.412374368958274109e-76 1.000000000000000000e+00 2.986552455326903516e-53 0.000000000000000000e+00 0.000000000000000000e+00 0.000000000000000000e+00 0.000000000000000000e+00
1.000000000000000000e+00 0.000000000000000000e+00 0.000000000000000000e+00 0.000000000000000000e+00 0.000000000000000000e+00 0.000000000000000000e+00 0.000000000000000000e+00 0.000000000000000000e+00
0.000000000000000000e+00 0.000000000000000000e+00 0.000000000000000000e+00 0.000000000000000000e+00 1.136453665947671771e-168 1.000000000000000000e+00 1.566703419694045210e-76 9.942547313664997871e-130
0.000000000000000000e+00 0.000000000000000000e+00 0.000000000000000000e+00 0.000000000000000000e+00 6.615296975234902904e-162 1.000000000000000000e+00 6.533934082683274006e-95 4.593561089944130323e-165
0.000000000000000000e+00 1.566703419694045210e-76 1.000000000000000000e+00 6.840246394079539823e-162 0.000000000000000000e+00 0.000000000000000000e+00 0.000000000000000000e+00 0.000000000000000000e+00
0.000000000000000000e+00 0.000000000000000000e+00 0.000000000000000000e+00 0.000000000000000000e+00 2.941838360770835161e-21 2.912113784793202785e-82 1.000000000000000000e+00 1.528626028095365174e-30
0.000000000000000000e+00 7.500000000000000000e-01 2.500000000000000000e-01 1.160044795110279480e-128 0.000000000000000000e+00 0.000000000000000000e+00 0.000000000000000000e+00 0.000000000000000000e+00
0.000000000000000000e+00 7.500000000000000000e-01 2.500000000000000000e-01 2.343071909466116954e-107 0.000000000000000000e+00 0.000000000000000000e+00 0.000000000000000000e+00 0.000000000000000000e+00
0.000000000000000000e+00 7.500000000000000000e-01 2.500000000000000000e-01 1.390357031882980048e-156 0.000000000000000000e+00 0.000000000000000000e+00 0.000000000000000000e+00 0.000000000000000000e+00
0.000000000000000000e+00 0.000000000000000000e+00 0.000000000000000000e+00 0.000000000000000000e+00 2.622974357674010660e-169 1.000000000000000000e+00 2.675554525792826062e-169 1.746144078883674741e-87
0.000000000000000000e+00 0.000000000000000000e+00 0.000000000000000000e+00 0.000000000000000000e+00 1.000000000000000000e+00 5.030062747304274722e-192 2.864794209929391987e-56 2.859954062345895455e-196
0.000000000000000000e+00 0.000000000000000000e+00 0.000000000000000000e+00 0.000000000000000000e+00 1.000000000000000000e+00 2.143327189974743297e-165 1.076672983607339505e-54 4.403234984211267726e-192
0.000000000000000000e+00 0.000000000000000000e+00 0.000000000000000000e+00 0.000000000000000000e+00 1.105320925706633366e-54 2.143594744379394295e-165 1.000000000000000000e+00 2.622974357674014779e-169
0.000000000000000000e+00 3.087783382484075483e-67 2.030571513673594865e-48 1.000000000000000000e+00 0.000000000000000000e+00 0.000000000000000000e+00 0.000000000000000000e+00 0.000000000000000000e+00
0.000000000000000000e+00 0.000000000000000000e+00 0.000000000000000000e+00 0.000000000000000000e+00 1.075103047034671142e-43 5.333953224462568454e-91 1.000000000000000000e+00 4.111672284318287277e-60
0.000000000000000000e+00 1.000000000000000000e+00 6.727068969936187110e-33 1.826200666699866722e-118 0.000000000000000000e+00 0.000000000000000000e+00 0.000000000000000000e+00 0.000000000000000000e+00
0.000000000000000000e+00 0.000000000000000000e+00 0.000000000000000000e+00 0.000000000000000000e+00 1.000000000000000000e+00 1.108686454605079750e-77 1.052397916636954183e-43 9.022088294419247856e-149
0.000000000000000000e+00 0.000000000000000000e+00 0.000000000000000000e+00 0.000000000000000000e+00 0.000000000000000000e+00 1.388469764728576607e-153 1.000000000000000000e+00 2.328334605520165958e-33
1.000000000000000000e+00 0.000000000000000000e+00 0.000000000000000000e+00 0.000000000000000000e+00 0.000000000000000000e+00 0.000000000000000000e+00 0.000000000000000000e+00 0.000000000000000000e+00
0.000000000000000000e+00 2.328334605520165958e-33 1.000000000000000000e+00 1.388469764728576607e-153 0.000000000000000000e+00 0.000000000000000000e+00 0.000000000000000000e+00 0.000000000000000000e+00
1.000000000000000000e+00 0.000000000000000000e+00 0.000000000000000000e+00 0.000000000000000000e+00 0.000000000000000000e+00 0.000000000000000000e+00 0.000000000000000000e+00 0.000000000000000000e+00
1.000000000000000000e+00 0.000000000000000000e+00 0.000000000000000000e+00 0.000000000000000000e+00 0.000000000000000000e+00 0.000000000000000000e+00 0.000000000000000000e+00 0.000000000000000000e+00
0.000000000000000000e+00 0.000000000000000000e+00 0.000000000000000000e+00 0.000000000000000000e+00 0.000000000000000000e+00 0.000000000000000000e+00 2.100248559852670064e-27 1.000000000000000000e+00
1.000000000000000000e+00 0.000000000000000000e+00 0.000000000000000000e+00 0.000000000000000000e+00 0.000000000000000000e+00 0.000000000000000000e+00 0.000000000000000000e+00 0.000000000000000000e+00
0.000000000000000000e+00 0.000000000000000000e+00 8.900881597412930246e-70 1.000000000000000000e+00 0.000000000000000000e+00 0.000000000000000000e+00 0.000000000000000000e+00 0.000000000000000000e+00
0.000000000000000000e+00 1.000000000000000000e+00 1.514891670151551218e-115 1.714604019135638250e-202 0.000000000000000000e+00 0.000000000000000000e+00 0.000000000000000000e+00 0.000000000000000000e+00
0.000000000000000000e+00 0.000000000000000000e+00 0.000000000000000000e+00 0.000000000000000000e+00 3.027196023438812736e-115 1.000000000000000000e+00 8.969381619688452257e-168 5.520542837397707568e-156
0.000000000000000000e+00 1.000000000000000000e+00 1.514891670151551218e-115 6.574842567847221935e-160 0.000000000000000000e+00 0.000000000000000000e+00 0.000000000000000000e+00 0.000000000000000000e+00
1.000000000000000000e+00 0.000000000000000000e+00 0.000000000000000000e+00 0.000000000000000000e+00 0.000000000000000000e+00 0.000000000000000000e+00 0.000000000000000000e+00 0.000000000000000000e+00
0.000000000000000000e+00 0.000000000000000000e+00 0.000000000000000000e+00 0.000000000000000000e+00 2.440271540055679203e-49 1.001021744944047436e-93 1.000000000000000000e+00 1.021313118754272506e-31
0.000000000000000000e+00 3.333333333333333148e-01 6.666666666666666297e-01 1.097828872122769661e-28 0.000000000000000000e+00 0.000000000000000000e+00 0.000000000000000000e+00 0.000000000000000000e+00
0.000000000000000000e+00 3.333333333333333148e-01 6.666666666666666297e-01 1.100204606010018724e-38 0.000000000000000000e+00 0.000000000000000000e+00 0.000000000000000000e+00 0.000000000000000000e+00
0.000000000000000000e+00 3.333333333333333148e-01 6.666666666666666297e-01 8.850674449241763423e-61 0.000000000000000000e+00 0.000000000000000000e+00 0.000000000000000000e+00 0.000000000000000000e+00
0.000000000000000000e+00 7.522119013475997993e-102 1.504423802695199599e-101 1.000000000000000000e+00 0.000000000000000000e+00 0.000000000000000000e+00 0.000000000000000000e+00 0.000000000000000000e+00
0.000000000000000000e+00 1.000000000000000000e+00 1.041754784147869927e-27 9.652522905555300180e-138 0.000000000000000000e+00 0.000000000000000000e+00 0.000000000000000000e+00 0.000000000000000000e+00
0.000000000000000000e+00 0.000000000000000000e+00 0.000000000000000000e+00 0.000000000000000000e+00 1.041754784147869927e-27 5.790839593822481875e-100 1.000000000000000000e+00 1.377996614039816050e-84
0.000000000000000000e+00 1.000000000000000000e+00 1.041754784147869927e-27 1.988624128559139448e-74 0.000000000000000000e+00 0.000000000000000000e+00 0.000000000000000000e+00 0.000000000000000000e+00
0.000000000000000000e+00 0.000000000000000000e+00 0.000000000000000000e+00 0.000000000000000000e+00 5.308150952891756329e-103 1.774668645138132379e-96 1.000000000000000000e+00 4.233157244330482686e-25
0.000000000000000000e+00 5.000000000000000000e-01 5.000000000000000000e-01 2.120088427203241885e-101 0.000000000000000000e+00 0.000000000000000000e+00 0.000000000000000000e+00 0.000000000000000000e+00
0.000000000000000000e+00 0.000000000000000000e+00 0.000000000000000000e+00 0.000000000000000000e+00 6.405035961730581370e-217 4.770596433148395084e-99 1.075120373407622075e-32 1.000000000000000000e+00
0.000000000000000000e+00 6.232924662726477543e-145 7.362028272247986631e-121 1.000000000000000000e+00 0.000000000000000000e+00 0.000000000000000000e+00 0.000000000000000000e+00 0.000000000000000000e+00
0.000000000000000000e+00 0.000000000000000000e+00 0.000000000000000000e+00 0.000000000000000000e+00 1.000000000000000000e+00 1.902079316799300911e-151 1.158406856135498684e-76 8.929315876873961485e-173
0.000000000000000000e+00 0.000000000000000000e+00 0.000000000000000000e+00 0.000000000000000000e+00 1.000000000000000000e+00 3.852356464360506350e-93 2.926486332174566796e-87 1.423679905074728225e-171
0.000000000000000000e+00 0.000000000000000000e+00 0.000000000000000000e+00 0.000000000000000000e+00 2.390751759157560609e-196 1.019797394114138775e-76 1.386094620506248553e-77 1.000000000000000000e+00
0.000000000000000000e+00 0.000000000000000000e+00 0.000000000000000000e+00 0.000000000000000000e+00 7.340753424959507890e-189 1.857410935583614474e-147 1.386094620506248936e-77 1.000000000000000000e+00
1.000000000000000000e+00 0.000000000000000000e+00 0.000000000000000000e+00 0.000000000000000000e+00 0.000000000000000000e+00 0.000000000000000000e+00 0.000000000000000000e+00 0.000000000000000000e+00
1.000000000000000000e+00 0.000000000000000000e+00 0.000000000000000000e+00 0.000000000000000000e+00 0.000000000000000000e+00 0.000000000000000000e+00 0.000000000000000000e+00 0.000000000000000000e+00
0.000000000000000000e+00 1.334592438001710307e-205 1.000000000000000000e+00 3.421078642157638791e-194 0.000000000000000000e+00 0.000000000000000000e+00 0.000000000000000000e+00 0.000000000000000000e+00
0.000000000000000000e+00 4.912556764685319750e-219 3.421034738046155888e-194 1.000000000000000000e+00 0.000000000000000000e+00 0.000000000000000000e+00 0.000000000000000000e+00 0.000000000000000000e+00
0.000000000000000000e+00 0.000000000000000000e+00 0.000000000000000000e+00 0.000000000000000000e+00 2.072057928958629641e-90 1.000000000000000000e+00 7.364954897762886411e-107 4.155288029310623717e-89
0.000000000000000000e+00 0.000000000000000000e+00 0.000000000000000000e+00 0.000000000000000000e+00 1.236577956631031645e-52 1.452568206711274918e-121 1.000000000000000000e+00 2.072057928958629641e-90
0.000000000000000000e+00 0.000000000000000000e+00 0.000000000000000000e+00 0.000000000000000000e+00 1.000000000000000000e+00 3.484998661023169448e-190 1.236574163629758219e-52 1.947869827334810223e-180
0.000000000000000000e+00 0.000000000000000000e+00 0.000000000000000000e+00 0.000000000000000000e+00 3.307049766411878748e-136 1.000000000000000000e+00 8.586934147023178711e-107 3.793001273616059135e-58
0.000000000000000000e+00 0.000000000000000000e+00 0.000000000000000000e+00 0.000000000000000000e+00 2.319926442854298598e-162 7.488201955297112117e-135 3.944650515555512783e-49 1.000000000000000000e+00
0.000000000000000000e+00 0.000000000000000000e+00 0.000000000000000000e+00 0.000000000000000000e+00 2.598183175041818391e-61 1.219306668797960209e-91 1.000000000000000000e+00 2.500098358773321727e-55
0.000000000000000000e+00 4.388758994389508229e-113 1.205947684049536682e-99 1.000000000000000000e+00 0.000000000000000000e+00 0.000000000000000000e+00 0.000000000000000000e+00 0.000000000000000000e+00
0.000000000000000000e+00 0.000000000000000000e+00 0.000000000000000000e+00 0.000000000000000000e+00 4.649113518198587557e-68 1.406979708661751147e-70 1.000000000000000000e+00 4.056805272498019059e-49
0.000000000000000000e+00 1.000000000000000000e+00 3.631550671150772228e-33 1.362356206680221173e-110 0.000000000000000000e+00 0.000000000000000000e+00 0.000000000000000000e+00 0.000000000000000000e+00
0.000000000000000000e+00 0.000000000000000000e+00 0.000000000000000000e+00 0.000000000000000000e+00 1.435737188438976696e-143 4.037392221872191438e-51 7.232874034470602416e-36 1.000000000000000000e+00
0.000000000000000000e+00 0.000000000000000000e+00 0.000000000000000000e+00 0.000000000000000000e+00 2.695171046394339219e-51 1.585657864693094628e-63 1.000000000000000000e+00 3.786404882600572718e-52
1.000000000000000000e+00 0.000000000000000000e+00 0.000000000000000000e+00 0.000000000000000000e+00 0.000000000000000000e+00 0.000000000000000000e+00 0.000000000000000000e+00 0.000000000000000000e+00
0.000000000000000000e+00 0.000000000000000000e+00 0.000000000000000000e+00 0.000000000000000000e+00 7.577031053171824818e-159 4.092585471464206105e-124 4.217418621794667962e-85 1.000000000000000000e+00
0.000000000000000000e+00 0.000000000000000000e+00 0.000000000000000000e+00 0.000000000000000000e+00 1.000000000000000000e+00 1.036200759969605448e-93 4.218079699468543665e-85 4.048937180760961981e-196
0.000000000000000000e+00 6.610880353396051253e-89 4.486687939762626275e-114 1.000000000000000000e+00 0.000000000000000000e+00 0.000000000000000000e+00 0.000000000000000000e+00 0.000000000000000000e+00
0.000000000000000000e+00 0.000000000000000000e+00 0.000000000000000000e+00 0.000000000000000000e+00 3.998725480940017920e-167 1.088140883905080216e-115 4.217418611433747290e-85 1.000000000000000000e+00
0.000000000000000000e+00 0.000000000000000000e+00 0.000000000000000000e+00 0.000000000000000000e+00 1.000000000000000000e+00 1.039935628049291276e-78 4.466296543970990931e-83 2.978222907619938238e-134
1.000000000000000000e+00 0.000000000000000000e+00 0.000000000000000000e+00 0.000000000000000000e+00 0.000000000000000000e+00 0.000000000000000000e+00 0.000000000000000000e+00 0.000000000000000000e+00
0.000000000000000000e+00 0.000000000000000000e+00 0.000000000000000000e+00 0.000000000000000000e+00 1.000000000000000000e+00 4.033850414604810817e-134 4.441014988151023654e-83 6.091352493395564423e-139
0.000000000000000000e+00 1.039980019638460239e-78 1.000000000000000000e+00 2.899369834334721700e-85 5.784568617182152220e-263 0.000000000000000000e+00 0.000000000000000000e+00 0.000000000000000000e+00
1.000000000000000000e+00 0.000000000000000000e+00 0.000000000000000000e+00 0.000000000000000000e+00 0.000000000000000000e+00 0.000000000000000000e+00 0.000000000000000000e+00 0.000000000000000000e+00
0.000000000000000000e+00 0.000000000000000000e+00 0.000000000000000000e+00 0.000000000000000000e+00 1.071316428080453976e-153 7.834070044692982884e-116 1.000000000000000000e+00 4.898650093942733813e-53
0.000000000000000000e+00 0.000000000000000000e+00 0.000000000000000000e+00 0.000000000000000000e+00 7.757428676072549989e-154 1.781328447728146135e-93 1.000000000000000000e+00 3.890067051680760994e-51
0.000000000000000000e+00 0.000000000000000000e+00 0.000000000000000000e+00 0.000000000000000000e+00 1.042319079876018823e-216 6.360970855208613139e-163 3.939053552620188712e-51 1.000000000000000000e+00
0.000000000000000000e+00 0.000000000000000000e+00 0.000000000000000000e+00 0.000000000000000000e+00 1.000000000000000000e+00 1.277775544566868318e-134 3.984231254910613055e-50 7.140956868424212550e-158
0.000000000000000000e+00 0.000000000000000000e+00 0.000000000000000000e+00 0.000000000000000000e+00 1.151294402437178274e-56 3.856633733354938589e-98 1.000000000000000000e+00 4.168084334554218210e-49
0.000000000000000000e+00 1.000000000000000000e+00 4.168084334554240239e-49 5.380360826128315869e-93 0.000000000000000000e+00 0.000000000000000000e+00 0.000000000000000000e+00 0.000000000000000000e+00
0.000000000000000000e+00 0.000000000000000000e+00 0.000000000000000000e+00 0.000000000000000000e+00 4.566507344915861117e-49 1.316397349929161658e-98 1.000000000000000000e+00 2.191721235791480419e-63
0.000000000000000000e+00 0.000000000000000000e+00 0.000000000000000000e+00 0.000000000000000000e+00 1.000000000000000000e+00 2.016575915646188994e-143 2.419567117896894143e-55 3.039229251275826862e-136
0.000000000000000000e+00 0.000000000000000000e+00 0.000000000000000000e+00 0.000000000000000000e+00 2.419567117896894143e-55 9.745328456408297438e-74 1.000000000000000000e+00 1.664662728850291611e-25
0.000000000000000000e+00 0.000000000000000000e+00 0.000000000000000000e+00 0.000000000000000000e+00 1.028329435004745349e-132 1.000000000000000000e+00 3.801623388209647250e-72 3.512734295574218367e-121
0.000000000000000000e+00 1.664662728850291611e-25 1.000000000000000000e+00 2.205611432169834757e-107 0.000000000000000000e+00 0.000000000000000000e+00 0.000000000000000000e+00 0.000000000000000000e+00
1.000000000000000000e+00 0.000000000000000000e+00 0.000000000000000000e+00 0.000000000000000000e+00 0.000000000000000000e+00 0.000000000000000000e+00 0.000000000000000000e+00 0.000000000000000000e+00
0.000000000000000000e+00 0.000000000000000000e+00 0.000000000000000000e+00 0.000000000000000000e+00 6.393916803621274745e-103 1.000000000000000000e+00 1.192717983174650757e-64 1.744148489762282400e-133
0.000000000000000000e+00 0.000000000000000000e+00 0.000000000000000000e+00 0.000000000000000000e+00 2.692667829604368604e-127 1.000000000000000000e+00 3.467541464020903296e-61 1.287450414186130325e-106
0.000000000000000000e+00 3.468734182004077334e-61 1.000000000000000000e+00 4.650205778298526225e-132 0.000000000000000000e+00 0.000000000000000000e+00 0.000000000000000000e+00 0.000000000000000000e+00
0.000000000000000000e+00 0.000000000000000000e+00 2.321504097825609017e-118 1.000000000000000000e+00 0.000000000000000000e+00 0.000000000000000000e+00 0.000000000000000000e+00 0.000000000000000000e+00
0.000000000000000000e+00 0.000000000000000000e+00 0.000000000000000000e+00 0.000000000000000000e+00 0.000000000000000000e+00 0.000000000000000000e+00 1.000000000000000000e+00 7.340930770051760801e-32
1.000000000000000000e+00 0.000000000000000000e+00 0.000000000000000000e+00 0.000000000000000000e+00 0.000000000000000000e+00 0.000000000000000000e+00 0.000000000000000000e+00 0.000000000000000000e+00
1.000000000000000000e+00 0.000000000000000000e+00 0.000000000000000000e+00 0.000000000000000000e+00 0.000000000000000000e+00 0.000000000000000000e+00 0.000000000000000000e+00 0.000000000000000000e+00
0.000000000000000000e+00 0.000000000000000000e+00 0.000000000000000000e+00 0.000000000000000000e+00 9.996892302137704575e-205 7.199663629285683877e-108 4.545051952330995521e-65 1.000000000000000000e+00
0.000000000000000000e+00 0.000000000000000000e+00 0.000000000000000000e+00 0.000000000000000000e+00 2.042659208927656821e-108 1.000000000000000000e+00 2.143927704171306199e-69 1.213069522413514034e-134
0.000000000000000000e+00 0.000000000000000000e+00 0.000000000000000000e+00 0.000000000000000000e+00 2.150812209498759178e-226 6.613194484879368275e-204 4.218772672304643058e-77 1.000000000000000000e+00
0.000000000000000000e+00 0.000000000000000000e+00 0.000000000000000000e+00 0.000000000000000000e+00 4.384616361253072310e-131 1.000000000000000000e+00 4.544837559564796714e-65 7.199665868934137108e-108
0.000000000000000000e+00 0.000000000000000000e+00 0.000000000000000000e+00 0.000000000000000000e+00 1.896297068935760332e-168 2.823776026783303820e-99 2.481494338342024489e-36 1.000000000000000000e+00
0.000000000000000000e+00 0.000000000000000000e+00 0.000000000000000000e+00 0.000000000000000000e+00 6.145937654777882679e-141 1.284183066513157387e-129 7.647877329884589092e-22 1.000000000000000000e+00
0.000000000000000000e+00 0.000000000000000000e+00 0.000000000000000000e+00 0.000000000000000000e+00 2.953844186777492829e-133 4.386724904555322360e-119 1.820600924912211082e-17 1.000000000000000000e+00
0.000000000000000000e+00 1.000000000000000000e+00 1.820677403904843728e-17 1.658543776823698179e-111 0.000000000000000000e+00 0.000000000000000000e+00 0.000000000000000000e+00 0.000000000000000000e+00
0.000000000000000000e+00 3.333333333333333148e-01 6.666666666666666297e-01 9.542400682213359269e-69 0.000000000000000000e+00 0.000000000000000000e+00 0.000000000000000000e+00 0.000000000000000000e+00
0.000000000000000000e+00 3.333333333333333148e-01 6.666666666666666297e-01 3.056293315684187988e-87 0.000000000000000000e+00 0.000000000000000000e+00 0.000000000000000000e+00 0.000000000000000000e+00
0.000000000000000000e+00 3.333333333333333148e-01 6.666666666666666297e-01 2.256846026581353713e-113 0.000000000000000000e+00 0.000000000000000000e+00 0.000000000000000000e+00 0.000000000000000000e+00
0.000000000000000000e+00 1.486165584835568881e-66 1.486165584835568881e-66 1.000000000000000000e+00 0.000000000000000000e+00 0.000000000000000000e+00 0.000000000000000000e+00 0.000000000000000000e+00
0.000000000000000000e+00 1.998006212564433253e-111 1.000000000000000000e+00 4.472456765437759254e-103 0.000000000000000000e+00 0.000000000000000000e+00 0.000000000000000000e+00 0.000000000000000000e+00
0.000000000000000000e+00 1.998006212564432884e-111 4.472456785417820377e-103 1.000000000000000000e+00 0.000000000000000000e+00 0.000000000000000000e+00 0.000000000000000000e+00 0.000000000000000000e+00
0.000000000000000000e+00 0.000000000000000000e+00 0.000000000000000000e+00 0.000000000000000000e+00 1.000000000000000000e+00 0.000000000000000000e+00 3.996012023603321122e-111 2.659254313304543013e-199
0.000000000000000000e+00 1.948455735948953893e-161 4.361540030521873714e-153 1.000000000000000000e+00 0.000000000000000000e+00 0.000000000000000000e+00 0.000000000000000000e+00 0.000000000000000000e+00
0.000000000000000000e+00 1.000000000000000000e+00 6.220376505165995787e-24 9.611964127341212379e-107 0.000000000000000000e+00 0.000000000000000000e+00 0.000000000000000000e+00 0.000000000000000000e+00
0.000000000000000000e+00 0.000000000000000000e+00 0.000000000000000000e+00 0.000000000000000000e+00 1.000000000000000000e+00 2.194608358495703200e-164 4.789177129600802357e-49 8.376683554770881049e-150
0.000000000000000000e+00 1.000000000000000000e+00 6.220376505165995787e-24 7.106347141421934603e-89 0.000000000000000000e+00 0.000000000000000000e+00 0.000000000000000000e+00 0.000000000000000000e+00
0.000000000000000000e+00 0.000000000000000000e+00 0.000000000000000000e+00 0.000000000000000000e+00 3.869606528248309992e-24 1.214877691734381980e-91 1.000000000000000000e+00 1.195248005861396775e-56
0.000000000000000000e+00 0.000000000000000000e+00 0.000000000000000000e+00 0.000000000000000000e+00 1.370643182584481454e-110 5.321683462099248955e-53 1.000000000000000000e+00 2.285939949671974729e-150
0.000000000000000000e+00 1.000000000000000000e+00 5.321683462099248955e-53 4.038387917006754061e-134 0.000000000000000000e+00 0.000000000000000000e+00 0.000000000000000000e+00 0.000000000000000000e+00
0.000000000000000000e+00 0.000000000000000000e+00 0.000000000000000000e+00 0.000000000000000000e+00 7.914035598625539902e-122 1.000000000000000000e+00 1.370643182584468159e-110 1.343284039717715328e-124
0.000000000000000000e+00 0.000000000000000000e+00 0.000000000000000000e+00 0.000000000000000000e+00 1.344537907675442202e-160 1.000000000000000000e+00 2.692877960759879442e-131 5.511039121187221325e-129
0.000000000000000000e+00 0.000000000000000000e+00 0.000000000000000000e+00 0.000000000000000000e+00 1.322251795219339560e-129 1.000000000000000000e+00 1.516571767251191009e-92 1.506029196166923239e-147
0.000000000000000000e+00 5.819986553707425825e-171 2.610441648108255514e-145 1.000000000000000000e+00 0.000000000000000000e+00 0.000000000000000000e+00 0.000000000000000000e+00 0.000000000000000000e+00
0.000000000000000000e+00 1.000000000000000000e+00 2.364205027802230210e-29 1.223151290436404161e-196 0.000000000000000000e+00 0.000000000000000000e+00 0.000000000000000000e+00 0.000000000000000000e+00
0.000000000000000000e+00 0.000000000000000000e+00 0.000000000000000000e+00 0.000000000000000000e+00 1.567195191619651258e-71 1.000000000000000000e+00 7.605254097318562474e-86 3.548853700265678127e-241
0.000000000000000000e+00 1.097785630081007957e-48 1.000000000000000000e+00 7.211589183269906310e-102 0.000000000000000000e+00 0.000000000000000000e+00 0.000000000000000000e+00 0.000000000000000000e+00
1.000000000000000000e+00 0.000000000000000000e+00 0.000000000000000000e+00 0.000000000000000000e+00 0.000000000000000000e+00 0.000000000000000000e+00 0.000000000000000000e+00 0.000000000000000000e+00
0.000000000000000000e+00 0.000000000000000000e+00 0.000000000000000000e+00 1.024748777483116558e-242 1.000000000000000000e+00 4.732080943387842480e-148 1.097785630081007957e-48 0.000000000000000000e+00
1.000000000000000000e+00 0.000000000000000000e+00 0.000000000000000000e+00 0.000000000000000000e+00 0.000000000000000000e+00 0.000000000000000000e+00 0.000000000000000000e+00 0.000000000000000000e+00
0.000000000000000000e+00 2.619927424241564530e-184 2.556709688236247125e-88 1.000000000000000000e+00 0.000000000000000000e+00 0.000000000000000000e+00 0.000000000000000000e+00 0.000000000000000000e+00
0.000000000000000000e+00 1.265941613499821215e-148 1.235394980039718873e-52 1.000000000000000000e+00 0.000000000000000000e+00 0.000000000000000000e+00 0.000000000000000000e+00 0.000000000000000000e+00
0.000000000000000000e+00 5.000000000000000000e-01 5.000000000000000000e-01 2.080451870071220823e-163 0.000000000000000000e+00 0.000000000000000000e+00 0.000000000000000000e+00 0.000000000000000000e+00
0.000000000000000000e+00 5.000000000000000000e-01 5.000000000000000000e-01 2.531883190089616459e-148 0.000000000000000000e+00 0.000000000000000000e+00 0.000000000000000000e+00 0.000000000000000000e+00
0.000000000000000000e+00 4.046973588089314456e-70 1.000000000000000000e+00 3.803251796402432693e-80 0.000000000000000000e+00 0.000000000000000000e+00 0.000000000000000000e+00 0.000000000000000000e+00
0.000000000000000000e+00 1.455251877381801094e-162 1.881868761290000147e-145 1.000000000000000000e+00 0.000000000000000000e+00 0.000000000000000000e+00 0.000000000000000000e+00 0.000000000000000000e+00
0.000000000000000000e+00 3.634360273203376205e-207 1.054335010343839042e-201 1.000000000000000000e+00 0.000000000000000000e+00 0.000000000000000000e+00 0.000000000000000000e+00 0.000000000000000000e+00
0.000000000000000000e+00 3.803251796402432693e-80 1.000000000000000000e+00 4.046973588089314456e-70 0.000000000000000000e+00 0.000000000000000000e+00 0.000000000000000000e+00 0.000000000000000000e+00
0.000000000000000000e+00 0.000000000000000000e+00 0.000000000000000000e+00 0.000000000000000000e+00 5.898946538032495383e-160 9.962688675171102861e-114 3.659491030889489049e-83 1.000000000000000000e+00
0.000000000000000000e+00 2.636426325328717943e-74 1.000000000000000000e+00 6.943485529437493285e-70 0.000000000000000000e+00 0.000000000000000000e+00 0.000000000000000000e+00 0.000000000000000000e+00
0.000000000000000000e+00 6.943749172070025586e-70 1.000000000000000000e+00 1.798468919943132765e-129 0.000000000000000000e+00 0.000000000000000000e+00 0.000000000000000000e+00 0.000000000000000000e+00
0.000000000000000000e+00 1.074828798973783893e-124 5.374144468082530153e-125 1.000000000000000000e+00 0.000000000000000000e+00 0.000000000000000000e+00 0.000000000000000000e+00 0.000000000000000000e+00
0.000000000000000000e+00 0.000000000000000000e+00 0.000000000000000000e+00 0.000000000000000000e+00 1.000000000000000000e+00 6.031458426276346475e-203 4.065898442875697618e-52 1.316535581750036683e-193
0.000000000000000000e+00 0.000000000000000000e+00 0.000000000000000000e+00 0.000000000000000000e+00 4.067599153008293957e-52 2.613370482662529456e-70 1.000000000000000000e+00 1.174751938479081132e-98
0.000000000000000000e+00 1.292302986878802361e-98 1.174751938479081132e-98 1.000000000000000000e+00 0.000000000000000000e+00 0.000000000000000000e+00 0.000000000000000000e+00 0.000000000000000000e+00
0.000000000000000000e+00 0.000000000000000000e+00 0.000000000000000000e+00 0.000000000000000000e+00 1.000000000000000000e+00 2.613370482662529456e-70 1.700710132597038022e-55 8.204377136420114167e-204
0.000000000000000000e+00 0.000000000000000000e+00 0.000000000000000000e+00 0.000000000000000000e+00 5.991466248707985857e-49 6.096385582348456389e-95 1.000000000000000000e+00 6.046552678159250204e-57
0.000000000000000000e+00 1.161741323749283292e-80 7.633003040118669856e-57 1.000000000000000000e+00 0.000000000000000000e+00 0.000000000000000000e+00 0.000000000000000000e+00 0.000000000000000000e+00
0.000000000000000000e+00 0.000000000000000000e+00 0.000000000000000000e+00 0.000000000000000000e+00 1.000000000000000000e+00 1.284088751001469994e-95 2.936134668958285467e-49 2.397373575563673289e-156
0.000000000000000000e+00 1.000000000000000000e+00 2.012560670416324477e-28 2.526829933813460873e-87 0.000000000000000000e+00 0.000000000000000000e+00 0.000000000000000000e+00 0.000000000000000000e+00
0.000000000000000000e+00 0.000000000000000000e+00 0.000000000000000000e+00 0.000000000000000000e+00 3.264859864861554941e-172 7.641535363496130610e-116 1.635246857013047464e-59 1.000000000000000000e+00
0.000000000000000000e+00 0.000000000000000000e+00 0.000000000000000000e+00 0.000000000000000000e+00 2.622265121041477750e-49 1.720896420062530444e-97 1.000000000000000000e+00 1.508677125656356198e-37
0.000000000000000000e+00 1.508677125656356198e-37 1.000000000000000000e+00 2.498763334337427269e-66 0.000000000000000000e+00 0.000000000000000000e+00 0.000000000000000000e+00 0.000000000000000000e+00
0.000000000000000000e+00 0.000000000000000000e+00 0.000000000000000000e+00 0.000000000000000000e+00 5.456082624051809042e-182 1.941579705774076118e-132 1.683901469679959395e-62 1.000000000000000000e+00
0.000000000000000000e+00 0.000000000000000000e+00 0.000000000000000000e+00 0.000000000000000000e+00 4.486920438596350954e-195 5.315317307104759749e-97 1.141315188308515943e-46 1.000000000000000000e+00
1.000000000000000000e+00 0.000000000000000000e+00 0.000000000000000000e+00 0.000000000000000000e+00 0.000000000000000000e+00 0.000000000000000000e+00 0.000000000000000000e+00 0.000000000000000000e+00
0.000000000000000000e+00 0.000000000000000000e+00 0.000000000000000000e+00 0.000000000000000000e+00 5.257200990790585359e-146 5.640646657137725158e-162 1.000000000000000000e+00 1.141214614561977132e-46
0.000000000000000000e+00 0.000000000000000000e+00 0.000000000000000000e+00 0.000000000000000000e+00 5.257200990790584470e-146 6.839016335518847810e-90 1.000000000000000000e+00 1.005737465389304389e-50
0.000000000000000000e+00 0.000000000000000000e+00 0.000000000000000000e+00 0.000000000000000000e+00 1.000000000000000000e+00 8.508522371708712600e-154 1.445432787019934734e-53 1.519239386733528798e-158
1.000000000000000000e+00 0.000000000000000000e+00 0.000000000000000000e+00 0.000000000000000000e+00 0.000000000000000000e+00 0.000000000000000000e+00 0.000000000000000000e+00 0.000000000000000000e+00
0.000000000000000000e+00 0.000000000000000000e+00 0.000000000000000000e+00 0.000000000000000000e+00 1.370766259169559120e-130 2.503764403036344904e-150 5.388452588977332952e-26 1.000000000000000000e+00
0.000000000000000000e+00 1.000000000000000000e+00 5.388452588977332952e-26 9.506504886500356413e-116 0.000000000000000000e+00 0.000000000000000000e+00 0.000000000000000000e+00 0.000000000000000000e+00
0.000000000000000000e+00 1.098632344928206595e-15 9.999999999999988898e-01 9.263303290603930260e-161 0.000000000000000000e+00 0.000000000000000000e+00 0.000000000000000000e+00 0.000000000000000000e+00
1.000000000000000000e+00 0.000000000000000000e+00 0.000000000000000000e+00 0.000000000000000000e+00 0.000000000000000000e+00 0.000000000000000000e+00 0.000000000000000000e+00 0.000000000000000000e+00
0.000000000000000000e+00 0.000000000000000000e+00 0.000000000000000000e+00 0.000000000000000000e+00 1.000000000000000000e+00 3.392620099186470224e-83 1.797421948703990115e-72 8.265745709598194062e-170
0.000000000000000000e+00 0.000000000000000000e+00 0.000000000000000000e+00 0.000000000000000000e+00 1.797421948703990366e-72 9.999999999999988898e-01 1.098632344928206595e-15 1.539938094370393850e-122
0.000000000000000000e+00 0.000000000000000000e+00 0.000000000000000000e+00 0.000000000000000000e+00 1.580448796574837138e-132 1.000000000000000000e+00 2.288854371876228248e-136 4.401081132467142410e-132
0.000000000000000000e+00 0.000000000000000000e+00 0.000000000000000000e+00 0.000000000000000000e+00 1.000000000000000000e+00 4.529735584423014256e-132 1.178965202777635329e-87 3.362014949959157221e-258
0.000000000000000000e+00 1.178965202777635329e-87 2.652393085324076321e-63 1.000000000000000000e+00 0.000000000000000000e+00 0.000000000000000000e+00 0.000000000000000000e+00 0.000000000000000000e+00
0.000000000000000000e+00 1.000000000000000000e+00 2.652393085324076321e-63 7.242307762385085763e-209 0.000000000000000000e+00 0.000000000000000000e+00 0.000000000000000000e+00 0.000000000000000000e+00
0.000000000000000000e+00 1.509754847270643506e-99 5.663506541197197357e-92 1.000000000000000000e+00 0.000000000000000000e+00 0.000000000000000000e+00 0.000000000000000000e+00 0.000000000000000000e+00
0.000000000000000000e+00 0.000000000000000000e+00 0.000000000000000000e+00 0.000000000000000000e+00 1.000000000000000000e+00 3.212645266282019023e-161 8.455602637726620977e-70 6.227378578997320186e-228
0.000000000000000000e+00 0.000000000000000000e+00 0.000000000000000000e+00 0.000000000000000000e+00 1.000000000000000000e+00 2.921900051986260688e-180 1.707156416560889226e-62 4.641603296564953357e-218
0.000000000000000000e+00 0.000000000000000000e+00 0.000000000000000000e+00 0.000000000000000000e+00 1.707156501116915372e-62 3.027084404188332318e-148 1.000000000000000000e+00 5.663506541197197357e-92
0.000000000000000000e+00 0.000000000000000000e+00 0.000000000000000000e+00 0.000000000000000000e+00 4.591986359386688768e-177 2.535647743588405583e-143 1.212837830024096534e-90 1.000000000000000000e+00
0.000000000000000000e+00 2.532956022044702896e-105 5.044049326526291683e-129 1.000000000000000000e+00 0.000000000000000000e+00 0.000000000000000000e+00 0.000000000000000000e+00 0.000000000000000000e+00
0.000000000000000000e+00 0.000000000000000000e+00 0.000000000000000000e+00 0.000000000000000000e+00 0.000000000000000000e+00 1.000000000000000000e+00 1.748121242717672228e-125 1.284384833958854648e-145
0.000000000000000000e+00 0.000000000000000000e+00 0.000000000000000000e+00 0.000000000000000000e+00 2.925607631767135541e-166 6.092496127659065535e-124 1.212837830024096752e-90 1.000000000000000000e+00
0.000000000000000000e+00 0.000000000000000000e+00 0.000000000000000000e+00 0.000000000000000000e+00 3.086957256186871485e-142 6.715247929263500703e-91 1.841813163724387931e-30 1.000000000000000000e+00
0.000000000000000000e+00 0.000000000000000000e+00 0.000000000000000000e+00 0.000000000000000000e+00 1.000000000000000000e+00 9.524297131314503629e-95 2.174862770223487436e-57 5.750254994887531467e-155
0.000000000000000000e+00 1.000000000000000000e+00 1.841813163724387931e-30 2.203380475274625334e-100 0.000000000000000000e+00 0.000000000000000000e+00 0.000000000000000000e+00 0.000000000000000000e+00
0.000000000000000000e+00 0.000000000000000000e+00 0.000000000000000000e+00 0.000000000000000000e+00 2.174862770223487436e-57 1.049710741491019106e-65 1.000000000000000000e+00 1.052587830826982340e-58
0.000000000000000000e+00 1.000000000000000000e+00 5.775468646216676572e-57 0.000000000000000000e+00 0.000000000000000000e+00 0.000000000000000000e+00 0.000000000000000000e+00 0.000000000000000000e+00
1.000000000000000000e+00 0.000000000000000000e+00 0.000000000000000000e+00 0.000000000000000000e+00 0.000000000000000000e+00 0.000000000000000000e+00 0.000000000000000000e+00 0.000000000000000000e+00
0.000000000000000000e+00 1.868876653902126721e-83 5.775468646216676572e-57 1.000000000000000000e+00 0.000000000000000000e+00 0.000000000000000000e+00 0.000000000000000000e+00 0.000000000000000000e+00
0.000000000000000000e+00 0.000000000000000000e+00 0.000000000000000000e+00 0.000000000000000000e+00 1.000000000000000000e+00 0.000000000000000000e+00 1.868876653902126721e-83 0.000000000000000000e+00
0.000000000000000000e+00 1.000000000000000000e+00 5.982604622494042503e-26 5.380936104810602597e-92 0.000000000000000000e+00 0.000000000000000000e+00 0.000000000000000000e+00 0.000000000000000000e+00
0.000000000000000000e+00 1.000000000000000000e+00 5.982604622494042503e-26 4.799930245622349237e-117 0.000000000000000000e+00 0.000000000000000000e+00 0.000000000000000000e+00 0.000000000000000000e+00
0.000000000000000000e+00 1.000000000000000000e+00 5.982604622494042503e-26 7.693711919928548781e-80 0.000000000000000000e+00 0.000000000000000000e+00 0.000000000000000000e+00 0.000000000000000000e+00
0.000000000000000000e+00 0.000000000000000000e+00 0.000000000000000000e+00 0.000000000000000000e+00 3.035749969535778308e-105 1.009328082916711037e-145 2.240486018908273551e-25 1.000000000000000000e+00
0.000000000000000000e+00 0.000000000000000000e+00 0.000000000000000000e+00 0.000000000000000000e+00 1.000000000000000000e+00 4.880033458152846198e-86 7.854220802460362955e-82 1.156900194510202690e-208
0.000000000000000000e+00 0.000000000000000000e+00 0.000000000000000000e+00 0.000000000000000000e+00 6.574345813681119472e-189 4.937828533785127575e-160 7.854708805623150454e-82 1.000000000000000000e+00
0.000000000000000000e+00 2.314551077730688629e-103 7.898894530558555170e-128 1.000000000000000000e+00 0.000000000000000000e+00 0.000000000000000000e+00 0.000000000000000000e+00 0.000000000000000000e+00
1.000000000000000000e+00 0.000000000000000000e+00 0.000000000000000000e+00 0.000000000000000000e+00 0.000000000000000000e+00 0.000000000000000000e+00 0.000000000000000000e+00 0.000000000000000000e+00
0.000000000000000000e+00 0.000000000000000000e+00 0.000000000000000000e+00 0.000000000000000000e+00 0.000000000000000000e+00 1.000000000000000000e+00 0.000000000000000000e+00 3.035013510369827438e-115
0.000000000000000000e+00 0.000000000000000000e+00 0.000000000000000000e+00 0.000000000000000000e+00 2.093251828433990750e-194 2.705610058895560013e-172 3.757474701470146391e-50 1.000000000000000000e+00
0.000000000000000000e+00 0.000000000000000000e+00 0.000000000000000000e+00 0.000000000000000000e+00 9.926156426023267207e-97 1.805651972342635943e-86 1.000000000000000000e+00 3.757474701470146391e-50
0.000000000000000000e+00 0.000000000000000000e+00 0.000000000000000000e+00 0.000000000000000000e+00 7.955385484462508085e-122 1.000000000000000000e+00 1.703485926660250154e-78 9.926156426023267207e-97
0.000000000000000000e+00 5.000000000000000000e-01 5.000000000000000000e-01 3.309285367727886612e-149 0.000000000000000000e+00 0.000000000000000000e+00 0.000000000000000000e+00 0.000000000000000000e+00
0.000000000000000000e+00 0.000000000000000000e+00 0.000000000000000000e+00 0.000000000000000000e+00 2.303385923320914209e-150 1.000000000000000000e+00 1.317085733923149275e-127 1.383495295877083186e-185
0.000000000000000000e+00 5.000000000000000000e-01 5.000000000000000000e-01 1.095307772556921296e-151 0.000000000000000000e+00 0.000000000000000000e+00 0.000000000000000000e+00 0.000000000000000000e+00
0.000000000000000000e+00 0.000000000000000000e+00 0.000000000000000000e+00 0.000000000000000000e+00 1.000000000000000000e+00 2.601443014351655539e-92 2.041663345054495588e-53 4.038738294190004655e-134
0.000000000000000000e+00 5.000000000000000000e-01 5.000000000000000000e-01 7.159422902433991162e-193 0.000000000000000000e+00 0.000000000000000000e+00 0.000000000000000000e+00 0.000000000000000000e+00
0.000000000000000000e+00 0.000000000000000000e+00 0.000000000000000000e+00 0.000000000000000000e+00 1.000000000000000000e+00 0.000000000000000000e+00 1.194522412550947759e-64 3.100275041649367023e-145
0.000000000000000000e+00 5.000000000000000000e-01 5.000000000000000000e-01 2.589014998693954784e-133 0.000000000000000000e+00 0.000000000000000000e+00 0.000000000000000000e+00 0.000000000000000000e+00
0.000000000000000000e+00 0.000000000000000000e+00 0.000000000000000000e+00 0.000000000000000000e+00 1.814454738651711007e-63 2.764170922903098323e-54 1.000000000000000000e+00 3.155231520998976655e-19
0.000000000000000000e+00 0.000000000000000000e+00 0.000000000000000000e+00 5.658543327222842641e-188 1.000000000000000000e+00 0.000000000000000000e+00 6.382298134309924661e-85 2.214475656661784971e-168
0.000000000000000000e+00 2.731901410558430076e-99 8.195704231675289417e-99 1.000000000000000000e+00 0.000000000000000000e+00 0.000000000000000000e+00 0.000000000000000000e+00 0.000000000000000000e+00
0.000000000000000000e+00 6.666666666666666297e-01 3.333333333333333148e-01 2.951424298200610408e-136 0.000000000000000000e+00 0.000000000000000000e+00 0.000000000000000000e+00 0.000000000000000000e+00
0.000000000000000000e+00 6.666666666666666297e-01 3.333333333333333148e-01 1.830295593640649175e-114 0.000000000000000000e+00 0.000000000000000000e+00 0.000000000000000000e+00 0.000000000000000000e+00
0.000000000000000000e+00 6.666666666666666297e-01 3.333333333333333148e-01 3.137834788625674362e-80 0.000000000000000000e+00 0.000000000000000000e+00 0.000000000000000000e+00 0.000000000000000000e+00
0.000000000000000000e+00 0.000000000000000000e+00 0.000000000000000000e+00 0.000000000000000000e+00 2.233798042505829826e-184 1.211312779290921121e-96 3.185889578420691073e-26 1.000000000000000000e+00
0.000000000000000000e+00 6.666666666666666297e-01 3.333333333333333148e-01 5.323223273214606115e-138 0.000000000000000000e+00 0.000000000000000000e+00 0.000000000000000000e+00 0.000000000000000000e+00
1.000000000000000000e+00 0.000000000000000000e+00 0.000000000000000000e+00 0.000000000000000000e+00 0.000000000000000000e+00 0.000000000000000000e+00 0.000000000000000000e+00 0.000000000000000000e+00
0.000000000000000000e+00 3.236646643645810978e-27 1.000000000000000000e+00 2.107564510716075913e-143 0.000000000000000000e+00 0.000000000000000000e+00 0.000000000000000000e+00 0.000000000000000000e+00
1.000000000000000000e+00 0.000000000000000000e+00 0.000000000000000000e+00 0.000000000000000000e+00 0.000000000000000000e+00 0.000000000000000000e+00 0.000000000000000000e+00 0.000000000000000000e+00
1.000000000000000000e+00 0.000000000000000000e+00 0.000000000000000000e+00 0.000000000000000000e+00 0.000000000000000000e+00 0.000000000000000000e+00 0.000000000000000000e+00 0.000000000000000000e+00
0.000000000000000000e+00 0.000000000000000000e+00 0.000000000000000000e+00 0.000000000000000000e+00 0.000000000000000000e+00 2.107564510716075913e-143 1.000000000000000000e+00 3.236646643645810978e-27
0.000000000000000000e+00 1.000000000000000000e+00 3.932457486100719214e-72 3.337181704657810909e-94 0.000000000000000000e+00 0.000000000000000000e+00 0.000000000000000000e+00 0.000000000000000000e+00
0.000000000000000000e+00 0.000000000000000000e+00 0.000000000000000000e+00 0.000000000000000000e+00 3.337181704657810909e-94 1.221947523838122118e-74 1.000000000000000000e+00 1.794433076863509810e-96
0.000000000000000000e+00 6.661840348467655542e-103 2.910780022179202346e-78 1.000000000000000000e+00 0.000000000000000000e+00 0.000000000000000000e+00 0.000000000000000000e+00 0.000000000000000000e+00
0.000000000000000000e+00 8.972158722477200885e-97 3.920235100082316025e-72 1.000000000000000000e+00 0.000000000000000000e+00 0.000000000000000000e+00 0.000000000000000000e+00 0.000000000000000000e+00
0.000000000000000000e+00 0.000000000000000000e+00 0.000000000000000000e+00 0.000000000000000000e+00 7.537478502179748956e-193 5.149018104766060404e-131 6.142729624193410112e-21 1.000000000000000000e+00
0.000000000000000000e+00 1.000000000000000000e+00 6.142729624193410112e-21 1.077528568389789081e-105 0.000000000000000000e+00 0.000000000000000000e+00 0.000000000000000000e+00 0.000000000000000000e+00
0.000000000000000000e+00 0.000000000000000000e+00 0.000000000000000000e+00 0.000000000000000000e+00 0.000000000000000000e+00 1.000000000000000000e+00 8.535357947939939319e-135 8.962259202564770189e-149
0.000000000000000000e+00 1.077528568389789081e-105 6.032864965950199536e-52 1.000000000000000000e+00 0.000000000000000000e+00 0.000000000000000000e+00 0.000000000000000000e+00 0.000000000000000000e+00
1.000000000000000000e+00 0.000000000000000000e+00 0.000000000000000000e+00 0.000000000000000000e+00 0.000000000000000000e+00 0.000000000000000000e+00 0.000000000000000000e+00 0.000000000000000000e+00
0.000000000000000000e+00 0.000000000000000000e+00 0.000000000000000000e+00 0.000000000000000000e+00 0.000000000000000000e+00 0.000000000000000000e+00 1.000000000000000000e+00 3.812078825705921770e-63
0.000000000000000000e+00 0.000000000000000000e+00 0.000000000000000000e+00 0.000000000000000000e+00 0.000000000000000000e+00 0.000000000000000000e+00 3.812078825705922310e-63 1.000000000000000000e+00
0.000000000000000000e+00 0.000000000000000000e+00 1.017172768877933367e-91 1.000000000000000000e+00 0.000000000000000000e+00 0.000000000000000000e+00 0.000000000000000000e+00 0.000000000000000000e+00
0.000000000000000000e+00 5.000000000000000000e-01 5.000000000000000000e-01 6.621258327314391533e-101 0.000000000000000000e+00 0.000000000000000000e+00 0.000000000000000000e+00 0.000000000000000000e+00
1.000000000000000000e+00 0.000000000000000000e+00 0.000000000000000000e+00 0.000000000000000000e+00 0.000000000000000000e+00 0.000000000000000000e+00 0.000000000000000000e+00 0.000000000000000000e+00
0.000000000000000000e+00 0.000000000000000000e+00 0.000000000000000000e+00 0.000000000000000000e+00 7.964790228916053530e-48 1.000000000000000000e+00 7.663414316063387235e-33 0.000000000000000000e+00
0.000000000000000000e+00 5.000000000000000000e-01 5.000000000000000000e-01 1.618194562031217333e-91 0.000000000000000000e+00 0.000000000000000000e+00 0.000000000000000000e+00 0.000000000000000000e+00
0.000000000000000000e+00 6.666666666666666297e-01 3.333333333333333148e-01 5.409336011729844715e-135 0.000000000000000000e+00 0.000000000000000000e+00 0.000000000000000000e+00 0.000000000000000000e+00
0.000000000000000000e+00 6.666666666666666297e-01 3.333333333333333148e-01 7.187849834689276912e-136 0.000000000000000000e+00 0.000000000000000000e+00 0.000000000000000000e+00 0.000000000000000000e+00
1.000000000000000000e+00 0.000000000000000000e+00 0.000000000000000000e+00 0.000000000000000000e+00 0.000000000000000000e+00 0.000000000000000000e+00 0.000000000000000000e+00 0.000000000000000000e+00
0.000000000000000000e+00 6.666666666666666297e-01 3.333333333333333148e-01 4.690551028260916260e-135 0.000000000000000000e+00 0.000000000000000000e+00 0.000000000000000000e+00 0.000000000000000000e+00
0.000000000000000000e+00 6.666666666666666297e-01 3.333333333333333148e-01 7.329672781813148946e-153 0.000000000000000000e+00 0.000000000000000000e+00 0.000000000000000000e+00 0.000000000000000000e+00
0.000000000000000000e+00 6.038394615969745305e-58 1.811518384790923804e-57 1.000000000000000000e+00 0.000000000000000000e+00 0.000000000000000000e+00 0.000000000000000000e+00 0.000000000000000000e+00
0.000000000000000000e+00 0.000000000000000000e+00 0.000000000000000000e+00 0.000000000000000000e+00 1.000000000000000000e+00 0.000000000000000000e+00 2.731715243937287704e-81 5.005714907928461096e-160
0.000000000000000000e+00 6.666666666666666297e-01 3.333333333333333148e-01 4.880442290326397533e-168 0.000000000000000000e+00 0.000000000000000000e+00 0.000000000000000000e+00 0.000000000000000000e+00
0.000000000000000000e+00 6.566796209311268762e-96 1.313359241862253752e-95 1.000000000000000000e+00 0.000000000000000000e+00 0.000000000000000000e+00 0.000000000000000000e+00 0.000000000000000000e+00
0.000000000000000000e+00 1.000000000000000000e+00 1.313359241862429560e-95 1.096997740500114476e-201 0.000000000000000000e+00 0.000000000000000000e+00 0.000000000000000000e+00 0.000000000000000000e+00
0.000000000000000000e+00 1.000000000000000000e+00 1.313359241862429393e-95 1.513838789072786351e-169 4.396136639565309509e-244 0.000000000000000000e+00 0.000000000000000000e+00 0.000000000000000000e+00
0.000000000000000000e+00 8.787300389941711680e-109 1.757460077988342336e-108 1.000000000000000000e+00 0.000000000000000000e+00 0.000000000000000000e+00 0.000000000000000000e+00 0.000000000000000000e+00
0.000000000000000000e+00 4.294217141562728983e-105 2.122334567185813794e-81 1.000000000000000000e+00 0.000000000000000000e+00 0.000000000000000000e+00 0.000000000000000000e+00 0.000000000000000000e+00
0.000000000000000000e+00 0.000000000000000000e+00 0.000000000000000000e+00 0.000000000000000000e+00 2.552949583783698695e-57 1.498132545683508098e-104 1.000000000000000000e+00 1.009701257617767358e-24
0.000000000000000000e+00 5.000000000000000000e-01 5.000000000000000000e-01 1.062085251605772581e-126 0.000000000000000000e+00 0.000000000000000000e+00 0.000000000000000000e+00 0.000000000000000000e+00
0.000000000000000000e+00 5.000000000000000000e-01 5.000000000000000000e-01 2.234839644122811228e-138 0.000000000000000000e+00 0.000000000000000000e+00 0.000000000000000000e+00 0.000000000000000000e+00
0.000000000000000000e+00 3.718773863373922692e-132 2.010811936641230408e-169 1.000000000000000000e+00 9.415642339486636010e-298 0.000000000000000000e+00 0.000000000000000000e+00 0.000000000000000000e+00
1.000000000000000000e+00 0.000000000000000000e+00 0.000000000000000000e+00 0.000000000000000000e+00 0.000000000000000000e+00 0.000000000000000000e+00 0.000000000000000000e+00 0.000000000000000000e+00
0.000000000000000000e+00 0.000000000000000000e+00 0.000000000000000000e+00 0.000000000000000000e+00 1.000000000000000000e+00 4.715512465205158367e-182 8.198445378038057062e-43 7.486781568710506353e-192
0.000000000000000000e+00 0.000000000000000000e+00 0.000000000000000000e+00 0.000000000000000000e+00 1.698268490941626349e-196 1.000000000000000000e+00 2.010826824832604534e-169 9.109809611937652915e-97
0.000000000000000000e+00 5.326116553069828375e-27 1.000000000000000000e+00 2.330686110608719256e-54 0.000000000000000000e+00 0.000000000000000000e+00 0.000000000000000000e+00 0.000000000000000000e+00
0.000000000000000000e+00 5.326116553069828375e-27 1.000000000000000000e+00 1.362391430669393167e-95 0.000000000000000000e+00 0.000000000000000000e+00 0.000000000000000000e+00 0.000000000000000000e+00
0.000000000000000000e+00 5.326116553069828375e-27 1.000000000000000000e+00 2.227033829297188728e-86 0.000000000000000000e+00 0.000000000000000000e+00 0.000000000000000000e+00 0.000000000000000000e+00
0.000000000000000000e+00 0.000000000000000000e+00 0.000000000000000000e+00 0.000000000000000000e+00 7.885663503019269509e-48 1.336397041621826426e-111 1.000000000000000000e+00 4.657179485505789733e-34
0.000000000000000000e+00 1.517582564960539031e-63 1.000000000000000000e+00 3.599711279212447937e-156 0.000000000000000000e+00 0.000000000000000000e+00 0.000000000000000000e+00 0.000000000000000000e+00
0.000000000000000000e+00 0.000000000000000000e+00 0.000000000000000000e+00 0.000000000000000000e+00 1.000000000000000000e+00 8.535005154958582090e-123 1.002959616505086913e-63 3.566164883782444873e-146
0.000000000000000000e+00 0.000000000000000000e+00 0.000000000000000000e+00 0.000000000000000000e+00 3.033481716982001791e-196 1.015121643817982672e-105 1.002959616505086913e-63 1.000000000000000000e+00
0.000000000000000000e+00 0.000000000000000000e+00 0.000000000000000000e+00 0.000000000000000000e+00 3.260058293832892763e-168 1.000000000000000000e+00 5.146229484554519829e-64 3.833304740615501636e-80
0.000000000000000000e+00 0.000000000000000000e+00 0.000000000000000000e+00 0.000000000000000000e+00 1.022416622650738575e-60 1.066248267751112310e-74 1.000000000000000000e+00 3.754474774519842041e-25
0.000000000000000000e+00 3.754474774519842041e-25 1.000000000000000000e+00 1.699195785975047202e-116 0.000000000000000000e+00 0.000000000000000000e+00 0.000000000000000000e+00 0.000000000000000000e+00
0.000000000000000000e+00 0.000000000000000000e+00 0.000000000000000000e+00 0.000000000000000000e+00 1.466036599701250626e-156 1.340606758567251191e-73 6.644413928121047494e-47 1.000000000000000000e+00
0.000000000000000000e+00 0.000000000000000000e+00 0.000000000000000000e+00 0.000000000000000000e+00 5.457304011266437688e-141 1.000000000000000000e+00 7.574785281138944766e-50 7.964088550973619998e-59
0.000000000000000000e+00 0.000000000000000000e+00 0.000000000000000000e+00 0.000000000000000000e+00 0.000000000000000000e+00 0.000000000000000000e+00 1.000000000000000000e+00 2.282808985455371455e-53
0.000000000000000000e+00 0.000000000000000000e+00 0.000000000000000000e+00 0.000000000000000000e+00 0.000000000000000000e+00 0.000000000000000000e+00 2.282808985455371455e-53 1.000000000000000000e+00
0.000000000000000000e+00 0.000000000000000000e+00 1.974330696912348549e-124 1.000000000000000000e+00 0.000000000000000000e+00 0.000000000000000000e+00 0.000000000000000000e+00 0.000000000000000000e+00
1.000000000000000000e+00 0.000000000000000000e+00 0.000000000000000000e+00 0.000000000000000000e+00 0.000000000000000000e+00 0.000000000000000000e+00 0.000000000000000000e+00 0.000000000000000000e+00
0.000000000000000000e+00 0.000000000000000000e+00 0.000000000000000000e+00 0.000000000000000000e+00 2.221534918765252075e-53 1.785625260916655850e-175 1.000000000000000000e+00 3.101158847790422851e-87
0.000000000000000000e+00 6.541429534378923116e-88 3.101158847790422851e-87 1.000000000000000000e+00 0.000000000000000000e+00 0.000000000000000000e+00 0.000000000000000000e+00 0.000000000000000000e+00
0.000000000000000000e+00 0.000000000000000000e+00 0.000000000000000000e+00 0.000000000000000000e+00 1.000000000000000000e+00 2.235746377324040509e-162 2.221534918765252075e-53 7.317476484181201809e-177
0.000000000000000000e+00 0.000000000000000000e+00 0.000000000000000000e+00 0.000000000000000000e+00 1.395779921279162818e-213 1.000000000000000000e+00 4.121207825726088962e-176 1.933826742374420554e-123
0.000000000000000000e+00 0.000000000000000000e+00 0.000000000000000000e+00 0.000000000000000000e+00 0.000000000000000000e+00 0.000000000000000000e+00 1.291818614270702195e-101 1.000000000000000000e+00
0.000000000000000000e+00 0.000000000000000000e+00 1.000000000000000000e+00 1.292728848980585460e-101 0.000000000000000000e+00 0.000000000000000000e+00 0.000000000000000000e+00 0.000000000000000000e+00
0.000000000000000000e+00 0.000000000000000000e+00 0.000000000000000000e+00 0.000000000000000000e+00 0.000000000000000000e+00 0.000000000000000000e+00 9.102347098833117595e-105 1.000000000000000000e+00
1.000000000000000000e+00 0.000000000000000000e+00 0.000000000000000000e+00 0.000000000000000000e+00 0.000000000000000000e+00 0.000000000000000000e+00 0.000000000000000000e+00 0.000000000000000000e+00
0.000000000000000000e+00 1.000000000000000000e+00 4.608422675065867594e-26 1.112526028350431080e-189 0.000000000000000000e+00 0.000000000000000000e+00 0.000000000000000000e+00 0.000000000000000000e+00
0.000000000000000000e+00 0.000000000000000000e+00 0.000000000000000000e+00 0.000000000000000000e+00 2.164257755080704393e-122 1.905672651276902000e-53 9.191612109759752411e-26 1.000000000000000000e+00
0.000000000000000000e+00 1.000000000000000000e+00 4.608422675065867594e-26 3.182889326218187650e-194 0.000000000000000000e+00 0.000000000000000000e+00 0.000000000000000000e+00 0.000000000000000000e+00
0.000000000000000000e+00 0.000000000000000000e+00 0.000000000000000000e+00 0.000000000000000000e+00 1.980806588826775388e-88 1.000000000000000000e+00 2.030407582468792350e-75 8.870273560477909725e-118
0.000000000000000000e+00 5.000000000000000000e-01 5.000000000000000000e-01 7.361830504104857924e-118 0.000000000000000000e+00 0.000000000000000000e+00 0.000000000000000000e+00 0.000000000000000000e+00
0.000000000000000000e+00 0.000000000000000000e+00 0.000000000000000000e+00 0.000000000000000000e+00 1.000000000000000000e+00 0.000000000000000000e+00 2.923365528323420879e-51 2.755574689576062972e-133
0.000000000000000000e+00 0.000000000000000000e+00 0.000000000000000000e+00 0.000000000000000000e+00 1.520093343092058651e-149 1.000000000000000000e+00 4.080072529500348716e-89 2.571807274999203869e-102
0.000000000000000000e+00 5.000000000000000000e-01 5.000000000000000000e-01 4.475893343402613658e-103 0.000000000000000000e+00 0.000000000000000000e+00 0.000000000000000000e+00 0.000000000000000000e+00
0.000000000000000000e+00 0.000000000000000000e+00 0.000000000000000000e+00 1.000000000000000000e+00 0.000000000000000000e+00 0.000000000000000000e+00 0.000000000000000000e+00 0.000000000000000000e+00
0.000000000000000000e+00 3.927121295327721518e-157 9.407454852725850451e-157 1.000000000000000000e+00 0.000000000000000000e+00 0.000000000000000000e+00 0.000000000000000000e+00 0.000000000000000000e+00
0.000000000000000000e+00 1.509679315582464491e-137 3.616450558920388200e-137 1.000000000000000000e+00 0.000000000000000000e+00 0.000000000000000000e+00 0.000000000000000000e+00 0.000000000000000000e+00
0.000000000000000000e+00 1.509679315582464491e-137 1.000000000000000000e+00 2.106771243337923471e-137 0.000000000000000000e+00 0.000000000000000000e+00 0.000000000000000000e+00 0.000000000000000000e+00
0.000000000000000000e+00 0.000000000000000000e+00 0.000000000000000000e+00 1.577588742503408172e-232 1.000000000000000000e+00 2.347705103843402054e-99 1.096471717660417589e-53 3.629295948963209966e-124
0.000000000000000000e+00 0.000000000000000000e+00 0.000000000000000000e+00 0.000000000000000000e+00 1.000000000000000000e+00 6.224852862509503919e-164 6.463505986639910155e-64 2.194960015905063519e-146
0.000000000000000000e+00 5.831195628240454982e-19 1.000000000000000000e+00 2.770279050429497224e-92 0.000000000000000000e+00 0.000000000000000000e+00 0.000000000000000000e+00 0.000000000000000000e+00
0.000000000000000000e+00 0.000000000000000000e+00 0.000000000000000000e+00 0.000000000000000000e+00 1.096471717725052593e-53 2.002998726976504138e-73 1.000000000000000000e+00 5.831195628240454982e-19
0.000000000000000000e+00 0.000000000000000000e+00 0.000000000000000000e+00 0.000000000000000000e+00 4.387522316948651061e-147 1.220767404446696692e-113 2.603736814038261740e-30 1.000000000000000000e+00
1.000000000000000000e+00 0.000000000000000000e+00 0.000000000000000000e+00 0.000000000000000000e+00 0.000000000000000000e+00 0.000000000000000000e+00 0.000000000000000000e+00 0.000000000000000000e+00
0.000000000000000000e+00 0.000000000000000000e+00 0.000000000000000000e+00 0.000000000000000000e+00 1.000000000000000000e+00 1.112687258554819813e-105 9.180028318483640657e-52 1.624197137547398118e-168
0.000000000000000000e+00 1.000000000000000000e+00 2.603736814038261740e-30 6.435251848117455555e-104 4.360830897766095322e-316 0.000000000000000000e+00 0.000000000000000000e+00 0.000000000000000000e+00
0.000000000000000000e+00 0.000000000000000000e+00 0.000000000000000000e+00 0.000000000000000000e+00 0.000000000000000000e+00 0.000000000000000000e+00 0.000000000000000000e+00 0.000000000000000000e+00
0.000000000000000000e+00 0.000000000000000000e+00 0.000000000000000000e+00 0.000000000000000000e+00 0.000000000000000000e+00 0.000000000000000000e+00 0.000000000000000000e+00 0.000000000000000000e+00
0.000000000000000000e+00 0.000000000000000000e+00 0.000000000000000000e+00 0.000000000000000000e+00 0.000000000000000000e+00 0.000000000000000000e+00 0.000000000000000000e+00 0.000000000000000000e+00
0.000000000000000000e+00 0.000000000000000000e+00 0.000000000000000000e+00 0.000000000000000000e+00 0.000000000000000000e+00 0.000000000000000000e+00 0.000000000000000000e+00 0.000000000000000000e+00
0.000000000000000000e+00 6.399946197331724118e-139 7.472510408402935300e-67 1.000000000000000000e+00 0.000000000000000000e+00 0.000000000000000000e+00 0.000000000000000000e+00 0.000000000000000000e+00
0.000000000000000000e+00 2.463796833404965286e-144 2.876703477520581989e-72 1.000000000000000000e+00 0.000000000000000000e+00 0.000000000000000000e+00 0.000000000000000000e+00 0.000000000000000000e+00
0.000000000000000000e+00 1.000000000000000000e+00 7.472539186198083596e-67 6.399970844515945187e-139 0.000000000000000000e+00 0.000000000000000000e+00 0.000000000000000000e+00 0.000000000000000000e+00
0.000000000000000000e+00 9.215885902445459063e-148 1.076037222897111352e-75 1.000000000000000000e+00 0.000000000000000000e+00 0.000000000000000000e+00 0.000000000000000000e+00 0.000000000000000000e+00
0.000000000000000000e+00 0.000000000000000000e+00 0.000000000000000000e+00 0.000000000000000000e+00 1.000000000000000000e+00 1.013183535201309612e-182 4.484788428353140986e-35 1.197546468247155387e-148
0.000000000000000000e+00 0.000000000000000000e+00 0.000000000000000000e+00 0.000000000000000000e+00 4.484736955408340669e-35 1.029159501338620083e-74 1.000000000000000000e+00 1.199428454686204106e-78
0.000000000000000000e+00 0.000000000000000000e+00 0.000000000000000000e+00 0.000000000000000000e+00 1.165636696848937122e-49 4.527479781304043151e-117 1.000000000000000000e+00 1.678000243079728211e-72
0.000000000000000000e+00 0.000000000000000000e+00 0.000000000000000000e+00 3.654656147818508873e-300 5.147294478842340585e-40 7.165305668722545745e-91 1.000000000000000000e+00 1.667707448638064469e-72
0.000000000000000000e+00 1.000000000000000000e+00 8.754041439179269485e-28 7.419301563994955547e-167 0.000000000000000000e+00 0.000000000000000000e+00 0.000000000000000000e+00 0.000000000000000000e+00
0.000000000000000000e+00 0.000000000000000000e+00 0.000000000000000000e+00 0.000000000000000000e+00 2.930590538483883440e-132 1.931622608430138649e-83 1.750808287835853897e-27 1.000000000000000000e+00
0.000000000000000000e+00 1.000000000000000000e+00 8.754041439179269485e-28 1.521186535897473732e-185 0.000000000000000000e+00 0.000000000000000000e+00 0.000000000000000000e+00 0.000000000000000000e+00
0.000000000000000000e+00 1.736365670527038456e-97 3.472731341054076912e-97 1.000000000000000000e+00 0.000000000000000000e+00 0.000000000000000000e+00 0.000000000000000000e+00 0.000000000000000000e+00
0.000000000000000000e+00 0.000000000000000000e+00 0.000000000000000000e+00 0.000000000000000000e+00 3.497263079452867092e-119 7.922925760166495102e-182 1.000000000000000000e+00 6.024936542955748726e-47
0.000000000000000000e+00 0.000000000000000000e+00 0.000000000000000000e+00 0.000000000000000000e+00 2.273501297225082626e-177 1.040424924522798650e-127 2.980166567783681305e-62 1.000000000000000000e+00
0.000000000000000000e+00 0.000000000000000000e+00 0.000000000000000000e+00 0.000000000000000000e+00 4.387313056875456477e-164 2.489945610740357723e-172 6.024936542955745809e-47 1.000000000000000000e+00
1.000000000000000000e+00 0.000000000000000000e+00 0.000000000000000000e+00 0.000000000000000000e+00 0.000000000000000000e+00 0.000000000000000000e+00 0.000000000000000000e+00 0.000000000000000000e+00
0.000000000000000000e+00 3.333333333333333148e-01 6.666666666666666297e-01 4.228346778079900024e-91 0.000000000000000000e+00 0.000000000000000000e+00 0.000000000000000000e+00 0.000000000000000000e+00
0.000000000000000000e+00 3.333333333333333148e-01 6.666666666666666297e-01 6.253618989699207349e-93 0.000000000000000000e+00 0.000000000000000000e+00 0.000000000000000000e+00 0.000000000000000000e+00
1.000000000000000000e+00 0.000000000000000000e+00 0.000000000000000000e+00 0.000000000000000000e+00 0.000000000000000000e+00 0.000000000000000000e+00 0.000000000000000000e+00 0.000000000000000000e+00
0.000000000000000000e+00 0.000000000000000000e+00 0.000000000000000000e+00 0.000000000000000000e+00 7.967511843245547664e-110 3.276814008694700225e-55 1.000000000000000000e+00 3.036731123394748225e-35
0.000000000000000000e+00 1.958063461014289985e-44 1.000000000000000000e+00 2.285615272493142164e-146 0.000000000000000000e+00 0.000000000000000000e+00 0.000000000000000000e+00 0.000000000000000000e+00
0.000000000000000000e+00 0.000000000000000000e+00 0.000000000000000000e+00 0.000000000000000000e+00 6.200784806962435430e-148 2.162148294197125508e-112 1.955521910648062074e-44 1.000000000000000000e+00
0.000000000000000000e+00 0.000000000000000000e+00 0.000000000000000000e+00 0.000000000000000000e+00 1.000000000000000000e+00 2.541550366227893628e-47 3.902381469139621353e-50 5.758886759340080417e-196
0.000000000000000000e+00 0.000000000000000000e+00 0.000000000000000000e+00 0.000000000000000000e+00 1.000000000000000000e+00 6.715664188280279780e-116 1.955518008266592917e-44 1.432407077026084755e-186
0.000000000000000000e+00 6.918435756651008310e-130 2.957968368419492192e-107 1.000000000000000000e+00 0.000000000000000000e+00 0.000000000000000000e+00 0.000000000000000000e+00 0.000000000000000000e+00
0.000000000000000000e+00 0.000000000000000000e+00 0.000000000000000000e+00 0.000000000000000000e+00 1.000000000000000000e+00 7.550483625340834614e-175 6.924786759251635972e-130 6.628565452339004069e-305
0.000000000000000000e+00 0.000000000000000000e+00 0.000000000000000000e+00 0.000000000000000000e+00 7.268195275158377830e-116 1.000000000000000000e+00 8.572556737933995546e-187 1.334981608646040242e-209
0.000000000000000000e+00 1.000000000000000000e+00 1.168822037681239819e-104 1.145355163514651672e-232 0.000000000000000000e+00 0.000000000000000000e+00 0.000000000000000000e+00 0.000000000000000000e+00
