0.000000000000000000e+00 2.279820141496218007e-91 1.239547176569145550e-123 1.000000000000000000e+00 0.000000000000000000e+00 0.000000000000000000e+00 0.000000000000000000e+00 0.000000000000000000e+00
0.000000000000000000e+00 0.000000000000000000e+00 0.000000000000000000e+00 0.000000000000000000e+00 1.000000000000000000e+00 8.073229519842651993e-100 5.616992810553996264e-82 4.094934316436720029e-192
0.000000000000000000e+00 0.000000000000000000e+00 0.000000000000000000e+00 0.000000000000000000e+00 1.000000000000000000e+00 6.493423643562539732e-105 3.370567514324751205e-84 1.022838818884307736e-194
0.000000000000000000e+00 1.902411287137680077e-78 1.034348498253539514e-110 1.000000000000000000e+00 0.000000000000000000e+00 0.000000000000000000e+00 0.000000000000000000e+00 0.000000000000000000e+00
0.000000000000000000e+00 5.000000000000000000e-01 5.000000000000000000e-01 1.306070536164249831e-166 0.000000000000000000e+00 0.000000000000000000e+00 0.000000000000000000e+00 0.000000000000000000e+00
0.000000000000000000e+00 1.358324246699116065e-180 3.818911329828988091e-112 1.000000000000000000e+00 0.000000000000000000e+00 0.000000000000000000e+00 0.000000000000000000e+00 0.000000000000000000e+00
1.000000000000000000e+00 0.000000000000000000e+00 0.000000000000000000e+00 0.000000000000000000e+00 0.000000000000000000e+00 0.000000000000000000e+00 0.000000000000000000e+00 0.000000000000000000e+00
0.000000000000000000e+00 0.000000000000000000e+00 0.000000000000000000e+00 0.000000000000000000e+00 1.052691850358739209e-87 1.000000000000000000e+00 1.778418152893538135e-69 1.172385508511944133e-144
0.000000000000000000e+00 1.179760131308600743e-59 1.000000000000000000e+00 8.886100705705568091e-134 0.000000000000000000e+00 0.000000000000000000e+00 0.000000000000000000e+00 0.000000000000000000e+00
0.000000000000000000e+00 0.000000000000000000e+00 0.000000000000000000e+00 0.000000000000000000e+00 1.000000000000000000e+00 2.733795585801829880e-153 1.179760091634791661e-59 4.191791133234447971e-216
0.000000000000000000e+00 0.000000000000000000e+00 0.000000000000000000e+00 0.000000000000000000e+00 1.000000000000000000e+00 0.000000000000000000e+00 3.967380916891009913e-67 1.067966443604021500e-235
0.000000000000000000e+00 0.000000000000000000e+00 0.000000000000000000e+00 0.000000000000000000e+00 9.955816343089407516e-174 3.969730849426408328e-174 1.179760131308600964e-59 1.000000000000000000e+00
0.000000000000000000e+00 0.000000000000000000e+00 0.000000000000000000e+00 0.000000000000000000e+00 2.199082959548819870e-278 1.000000000000000000e+00 5.410695319679539153e-107 8.876439373940322993e-159
0.000000000000000000e+00 0.000000000000000000e+00 0.000000000000000000e+00 0.000000000000000000e+00 1.056806771232861589e-215 1.190323462696359032e-162 4.604957619702468964e-107 1.000000000000000000e+00
0.000000000000000000e+00 0.000000000000000000e+00 0.000000000000000000e+00 0.000000000000000000e+00 8.100163521420280398e-214 4.931513132150734619e-168 8.057376999770706426e-108 1.000000000000000000e+00
1.000000000000000000e+00 0.000000000000000000e+00 0.000000000000000000e+00 0.000000000000000000e+00 0.000000000000000000e+00 0.000000000000000000e+00 0.000000000000000000e+00 0.000000000000000000e+00
0.000000000000000000e+00 0.000000000000000000e+00 0.000000000000000000e+00 0.000000000000000000e+00 1.574785066724915814e-51 7.677528882092662268e-96 1.000000000000000000e+00 2.108751631739048854e-34
0.000000000000000000e+00 0.000000000000000000e+00 0.000000000000000000e+00 0.000000000000000000e+00 1.650345578771322426e-110 1.000000000000000000e+00 9.127277537955153565e-69 5.585403924814778846e-100
0.000000000000000000e+00 5.000000000000000000e-01 5.000000000000000000e-01 5.995660776120850592e-87 0.000000000000000000e+00 0.000000000000000000e+00 0.000000000000000000e+00 0.000000000000000000e+00
0.000000000000000000e+00 5.000000000000000000e-01 5.000000000000000000e-01 9.169394090457485308e-126 0.000000000000000000e+00 0.000000000000000000e+00 0.000000000000000000e+00 0.000000000000000000e+00
0.000000000000000000e+00 0.000000000000000000e+00 0.000000000000000000e+00 0.000000000000000000e+00 1.443369096285426044e-64 9.283065277093070179e-79 1.000000000000000000e+00 9.682174931789704182e-19
0.000000000000000000e+00 0.000000000000000000e+00 0.000000000000000000e+00 0.000000000000000000e+00 1.000000000000000000e+00 8.620643106080722159e-92 1.215729135674929789e-28 4.389678203086464848e-137
0.000000000000000000e+00 4.841087467111018110e-19 1.000000000000000000e+00 2.065458127270392137e-123 0.000000000000000000e+00 0.000000000000000000e+00 0.000000000000000000e+00 0.000000000000000000e+00
0.000000000000000000e+00 4.841087467111018110e-19 1.000000000000000000e+00 3.611617315339318815e-62 0.000000000000000000e+00 0.000000000000000000e+00 0.000000000000000000e+00 0.000000000000000000e+00
0.000000000000000000e+00 3.333333333333333148e-01 6.666666666666666297e-01 7.201832505215762680e-54 0.000000000000000000e+00 0.000000000000000000e+00 0.000000000000000000e+00 0.000000000000000000e+00
0.000000000000000000e+00 0.000000000000000000e+00 0.000000000000000000e+00 0.000000000000000000e+00 1.970456336194943819e-187 1.353302264873984889e-151 2.350453869845429913e-32 1.000000000000000000e+00
0.000000000000000000e+00 3.333333333333333148e-01 6.666666666666666297e-01 3.633169962583396125e-71 0.000000000000000000e+00 0.000000000000000000e+00 0.000000000000000000e+00 0.000000000000000000e+00
0.000000000000000000e+00 3.333333333333333148e-01 6.666666666666666297e-01 3.236020170397199459e-70 0.000000000000000000e+00 0.000000000000000000e+00 0.000000000000000000e+00 0.000000000000000000e+00
1.000000000000000000e+00 0.000000000000000000e+00 0.000000000000000000e+00 0.000000000000000000e+00 0.000000000000000000e+00 0.000000000000000000e+00 0.000000000000000000e+00 0.000000000000000000e+00
0.000000000000000000e+00 0.000000000000000000e+00 2.160796765117483832e-133 1.000000000000000000e+00 0.000000000000000000e+00 0.000000000000000000e+00 0.000000000000000000e+00 0.000000000000000000e+00
0.000000000000000000e+00 0.000000000000000000e+00 0.000000000000000000e+00 0.000000000000000000e+00 0.000000000000000000e+00 0.000000000000000000e+00 2.735835275310652629e-50 1.000000000000000000e+00
0.000000000000000000e+00 0.000000000000000000e+00 0.000000000000000000e+00 0.000000000000000000e+00 0.000000000000000000e+00 0.000000000000000000e+00 1.000000000000000000e+00 2.735835275310652629e-50
0.000000000000000000e+00 5.000000000000000000e-01 5.000000000000000000e-01 0.000000000000000000e+00 0.000000000000000000e+00 0.000000000000000000e+00 0.000000000000000000e+00 0.000000000000000000e+00
0.000000000000000000e+00 5.000000000000000000e-01 5.000000000000000000e-01 7.134242356662536809e-96 0.000000000000000000e+00 0.000000000000000000e+00 0.000000000000000000e+00 0.000000000000000000e+00
0.000000000000000000e+00 0.000000000000000000e+00 0.000000000000000000e+00 0.000000000000000000e+00 4.386724979732966688e-89 1.000000000000000000e+00 9.693081181382897428e-63 1.054337123572919994e-95
0.000000000000000000e+00 5.000000000000000000e-01 5.000000000000000000e-01 3.162759038789580786e-59 0.000000000000000000e+00 0.000000000000000000e+00 0.000000000000000000e+00 0.000000000000000000e+00
1.000000000000000000e+00 0.000000000000000000e+00 0.000000000000000000e+00 0.000000000000000000e+00 0.000000000000000000e+00 0.000000000000000000e+00 0.000000000000000000e+00 0.000000000000000000e+00
0.000000000000000000e+00 0.000000000000000000e+00 0.000000000000000000e+00 0.000000000000000000e+00 8.058234483833204277e-189 5.759195523280222700e-140 4.460391767890580112e-57 1.000000000000000000e+00
1.000000000000000000e+00 0.000000000000000000e+00 0.000000000000000000e+00 0.000000000000000000e+00 0.000000000000000000e+00 0.000000000000000000e+00 0.000000000000000000e+00 0.000000000000000000e+00
0.000000000000000000e+00 0.000000000000000000e+00 0.000000000000000000e+00 0.000000000000000000e+00 1.499109913394404086e-191 1.110169481480889472e-63 4.460391767890580112e-57 1.000000000000000000e+00
0.000000000000000000e+00 0.000000000000000000e+00 0.000000000000000000e+00 0.000000000000000000e+00 1.000000000000000000e+00 7.203258083118984640e-299 7.051869825219154387e-137 2.862465993150383251e-223
0.000000000000000000e+00 0.000000000000000000e+00 0.000000000000000000e+00 0.000000000000000000e+00 1.000000000000000000e+00 5.171212431760929747e-206 7.051869825219155342e-137 1.103763511193578625e-214
0.000000000000000000e+00 0.000000000000000000e+00 0.000000000000000000e+00 0.000000000000000000e+00 6.079361235481309870e-136 1.000000000000000000e+00 5.995484332874397819e-207 4.615423374942715528e-168
0.000000000000000000e+00 1.000000000000000000e+00 6.784548218003225691e-136 0.000000000000000000e+00 0.000000000000000000e+00 0.000000000000000000e+00 0.000000000000000000e+00 0.000000000000000000e+00
0.000000000000000000e+00 0.000000000000000000e+00 0.000000000000000000e+00 0.000000000000000000e+00 1.683457570060065260e-56 2.018776304886008754e-92 1.000000000000000000e+00 1.453190800696234249e-102
0.000000000000000000e+00 0.000000000000000000e+00 0.000000000000000000e+00 0.000000000000000000e+00 1.000000000000000000e+00 5.009603299266969165e-240 5.524714664072742110e-57 6.473933256280460332e-162
0.000000000000000000e+00 0.000000000000000000e+00 0.000000000000000000e+00 0.000000000000000000e+00 1.000000000000000000e+00 4.465161008287976297e-163 1.182100103511106722e-56 8.308361175061608133e-165
0.000000000000000000e+00 0.000000000000000000e+00 0.000000000000000000e+00 0.000000000000000000e+00 5.111399985831575827e-58 1.255571007358281088e-127 1.000000000000000000e+00 2.018776304887792669e-92
0.000000000000000000e+00 9.999999999999993339e-01 7.453721323109547413e-16 3.840190015335135056e-124 0.000000000000000000e+00 0.000000000000000000e+00 0.000000000000000000e+00 0.000000000000000000e+00
0.000000000000000000e+00 0.000000000000000000e+00 0.000000000000000000e+00 0.000000000000000000e+00 3.223958558374862795e-117 1.000000000000000000e+00 1.994686939451516702e-81 6.919231528012580700e-111
0.000000000000000000e+00 0.000000000000000000e+00 0.000000000000000000e+00 0.000000000000000000e+00 1.906767990545109896e-110 1.419712035088448687e-73 1.490744264620753210e-15 9.999999999999985567e-01
0.000000000000000000e+00 9.999999999999993339e-01 7.453721323109547413e-16 5.534474444539775097e-118 0.000000000000000000e+00 0.000000000000000000e+00 0.000000000000000000e+00 0.000000000000000000e+00
0.000000000000000000e+00 0.000000000000000000e+00 0.000000000000000000e+00 0.000000000000000000e+00 1.024759969868888050e-151 8.224207914948903298e-135 6.878078529696458396e-49 1.000000000000000000e+00
0.000000000000000000e+00 0.000000000000000000e+00 0.000000000000000000e+00 0.000000000000000000e+00 3.518226000893439496e-51 7.691115220237981400e-117 1.000000000000000000e+00 6.878078529696458396e-49
1.000000000000000000e+00 0.000000000000000000e+00 0.000000000000000000e+00 0.000000000000000000e+00 0.000000000000000000e+00 0.000000000000000000e+00 0.000000000000000000e+00 0.000000000000000000e+00
0.000000000000000000e+00 0.000000000000000000e+00 0.000000000000000000e+00 0.000000000000000000e+00 1.000000000000000000e+00 8.912303833860088390e-175 3.518226000893439496e-51 3.700931185181956647e-153
1.000000000000000000e+00 0.000000000000000000e+00 0.000000000000000000e+00 0.000000000000000000e+00 0.000000000000000000e+00 0.000000000000000000e+00 0.000000000000000000e+00 0.000000000000000000e+00
0.000000000000000000e+00 0.000000000000000000e+00 0.000000000000000000e+00 0.000000000000000000e+00 1.805245637424048323e-96 1.000000000000000000e+00 1.032839006532488627e-97 8.555691929802577623e-133
0.000000000000000000e+00 1.000000000000000000e+00 2.906450740772849533e-58 3.584487309318061658e-184 0.000000000000000000e+00 0.000000000000000000e+00 0.000000000000000000e+00 0.000000000000000000e+00
0.000000000000000000e+00 0.000000000000000000e+00 0.000000000000000000e+00 0.000000000000000000e+00 1.032839006398257249e-97 2.906436966043920220e-58 1.000000000000000000e+00 1.377472892957498094e-63
0.000000000000000000e+00 0.000000000000000000e+00 0.000000000000000000e+00 0.000000000000000000e+00 1.520868580039035152e-108 1.000000000000000000e+00 1.848054638111029968e-48 7.974273158271610653e-141
0.000000000000000000e+00 0.000000000000000000e+00 0.000000000000000000e+00 4.884978966985406963e-274 1.000000000000000000e+00 2.545591039603479951e-157 1.520868580039035152e-108 5.743182250310657792e-203
0.000000000000000000e+00 1.848054638254094901e-48 1.000000000000000000e+00 0.000000000000000000e+00 0.000000000000000000e+00 0.000000000000000000e+00 0.000000000000000000e+00 0.000000000000000000e+00
0.000000000000000000e+00 0.000000000000000000e+00 0.000000000000000000e+00 0.000000000000000000e+00 1.941494419070308480e-129 1.000000000000000000e+00 1.430649798574895708e-58 1.003675822876784110e-139
0.000000000000000000e+00 0.000000000000000000e+00 0.000000000000000000e+00 0.000000000000000000e+00 2.903768812772259755e-110 1.000000000000000000e+00 4.044668728048571644e-90 6.885163493929451064e-114
0.000000000000000000e+00 0.000000000000000000e+00 0.000000000000000000e+00 0.000000000000000000e+00 1.000000000000000000e+00 1.956283658606803014e-121 5.071203812313050370e-47 2.171968582925100872e-156
0.000000000000000000e+00 0.000000000000000000e+00 0.000000000000000000e+00 0.000000000000000000e+00 5.071203812313050370e-47 8.467191487081067165e-115 1.000000000000000000e+00 4.527019947225438255e-62
0.000000000000000000e+00 0.000000000000000000e+00 0.000000000000000000e+00 0.000000000000000000e+00 2.814618014912340163e-167 3.421614630761755714e-124 4.527019947225438255e-62 1.000000000000000000e+00
0.000000000000000000e+00 0.000000000000000000e+00 0.000000000000000000e+00 0.000000000000000000e+00 1.673868208614006683e-56 2.083749608041982565e-157 1.000000000000000000e+00 3.234299698005498646e-51
0.000000000000000000e+00 0.000000000000000000e+00 0.000000000000000000e+00 0.000000000000000000e+00 1.094903118264811783e-156 2.716480720231525120e-111 3.234299698005498646e-51 1.000000000000000000e+00
0.000000000000000000e+00 0.000000000000000000e+00 0.000000000000000000e+00 0.000000000000000000e+00 1.000000000000000000e+00 0.000000000000000000e+00 1.673868208614006683e-56 3.159810049857502679e-162
0.000000000000000000e+00 0.000000000000000000e+00 0.000000000000000000e+00 0.000000000000000000e+00 2.967507883737771821e-128 1.000000000000000000e+00 8.241384695128003743e-79 3.725027034135090064e-94
0.000000000000000000e+00 1.047814422899665708e-38 1.000000000000000000e+00 4.350211025346326073e-91 0.000000000000000000e+00 0.000000000000000000e+00 0.000000000000000000e+00 0.000000000000000000e+00
0.000000000000000000e+00 0.000000000000000000e+00 0.000000000000000000e+00 0.000000000000000000e+00 1.115157523952268843e-173 1.709603464205028756e-64 1.047814422899665708e-38 1.000000000000000000e+00
0.000000000000000000e+00 0.000000000000000000e+00 0.000000000000000000e+00 0.000000000000000000e+00 0.000000000000000000e+00 1.000000000000000000e+00 7.585061873365409608e-90 2.474224626869702816e-108
1.000000000000000000e+00 0.000000000000000000e+00 0.000000000000000000e+00 0.000000000000000000e+00 0.000000000000000000e+00 0.000000000000000000e+00 0.000000000000000000e+00 0.000000000000000000e+00
0.000000000000000000e+00 0.000000000000000000e+00 0.000000000000000000e+00 0.000000000000000000e+00 1.509059286688128207e-318 2.134311926120828047e-182 4.878935281553028258e-73 1.000000000000000000e+00
1.000000000000000000e+00 0.000000000000000000e+00 0.000000000000000000e+00 0.000000000000000000e+00 0.000000000000000000e+00 0.000000000000000000e+00 0.000000000000000000e+00 0.000000000000000000e+00
0.000000000000000000e+00 2.986552455326902125e-53 1.000000000000000000e+00 3.412374368958274109e-76 0.000000000000000000e+00 0.000000000000000000e+00 0.000000000000000000e+00 0.000000000000000000e+00
0.000000000000000000e+00 3.412374368958274109e-76 1.000000000000000000e+00 2.986552455326902125e-53 0.000000000000000000e+00 0.000000000000000000e+00 0.000000000000000000e+00 0.000000000000000000e+00
1.000000000000000000e+00 0.000000000000000000e+00 0.000000000000000000e+00 0.000000000000000000e+00 0.000000000000000000e+00 0.000000000000000000e+00 0.000000000000000000e+00 0.000000000000000000e+00
0.000000000000000000e+00 0.000000000000000000e+00 0.000000000000000000e+00 0.000000000000000000e+00 1.136453665947671065e-168 1.000000000000000000e+00 1.566703419694046744e-76 9.942547313664996269e-130
0.000000000000000000e+00 0.000000000000000000e+00 0.000000000000000000e+00 0.000000000000000000e+00 6.615296975234900930e-162 1.000000000000000000e+00 6.533934082683270014e-95 4.593561089944128395e-165
0.000000000000000000e+00 1.566703419694046744e-76 1.000000000000000000e+00 6.840246394079536861e-162 0.000000000000000000e+00 0.000000000000000000e+00 0.000000000000000000e+00 0.000000000000000000e+00
0.000000000000000000e+00 0.000000000000000000e+00 0.000000000000000000e+00 0.000000000000000000e+00 2.941838360770832528e-21 2.912113784793203370e-82 1.000000000000000000e+00 1.528626028095364474e-30
0.000000000000000000e+00 7.500000000000000000e-01 2.500000000000000000e-01 1.160044795110277686e-128 0.000000000000000000e+00 0.000000000000000000e+00 0.000000000000000000e+00 0.000000000000000000e+00
0.000000000000000000e+00 7.500000000000000000e-01 2.500000000000000000e-01 2.343071909466114231e-107 0.000000000000000000e+00 0.000000000000000000e+00 0.000000000000000000e+00 0.000000000000000000e+00
0.000000000000000000e+00 7.500000000000000000e-01 2.500000000000000000e-01 1.390357031882977719e-156 0.000000000000000000e+00 0.000000000000000000e+00 0.000000000000000000e+00 0.000000000000000000e+00
0.000000000000000000e+00 0.000000000000000000e+00 0.000000000000000000e+00 0.000000000000000000e+00 2.622974357674008307e-169 1.000000000000000000e+00 2.675554525792824885e-169 1.746144078883673848e-87
0.000000000000000000e+00 0.000000000000000000e+00 0.000000000000000000e+00 0.000000000000000000e+00 1.000000000000000000e+00 5.030062747304273943e-192 2.864794209929391987e-56 2.859954062345895930e-196
0.000000000000000000e+00 0.000000000000000000e+00 0.000000000000000000e+00 0.000000000000000000e+00 1.000000000000000000e+00 2.143327189974742574e-165 1.076672983607339360e-54 4.403234984211266947e-192
0.000000000000000000e+00 0.000000000000000000e+00 0.000000000000000000e+00 0.000000000000000000e+00 1.105320925706633221e-54 2.143594744379393572e-165 1.000000000000000000e+00 2.622974357674012425e-169
0.000000000000000000e+00 3.087783382484074824e-67 2.030571513673595169e-48 1.000000000000000000e+00 0.000000000000000000e+00 0.000000000000000000e+00 0.000000000000000000e+00 0.000000000000000000e+00
0.000000000000000000e+00 0.000000000000000000e+00 0.000000000000000000e+00 0.000000000000000000e+00 1.075103047034670943e-43 5.333953224462567364e-91 1.000000000000000000e+00 4.111672284318291698e-60
0.000000000000000000e+00 1.000000000000000000e+00 6.727068969936188479e-33 1.826200666699868263e-118 0.000000000000000000e+00 0.000000000000000000e+00 0.000000000000000000e+00 0.000000000000000000e+00
0.000000000000000000e+00 0.000000000000000000e+00 0.000000000000000000e+00 0.000000000000000000e+00 1.000000000000000000e+00 1.108686454605079174e-77 1.052397916636953984e-43 9.022088294419249592e-149
0.000000000000000000e+00 0.000000000000000000e+00 0.000000000000000000e+00 0.000000000000000000e+00 0.000000000000000000e+00 1.388469764728577401e-153 1.000000000000000000e+00 2.328334605520165274e-33
1.000000000000000000e+00 0.000000000000000000e+00 0.000000000000000000e+00 0.000000000000000000e+00 0.000000000000000000e+00 0.000000000000000000e+00 0.000000000000000000e+00 0.000000000000000000e+00
0.000000000000000000e+00 2.328334605520165274e-33 1.000000000000000000e+00 1.388469764728577401e-153 0.000000000000000000e+00 0.000000000000000000e+00 0.000000000000000000e+00 0.000000000000000000e+00
1.000000000000000000e+00 0.000000000000000000e+00 0.000000000000000000e+00 0.000000000000000000e+00 0.000000000000000000e+00 0.000000000000000000e+00 0.000000000000000000e+00 0.000000000000000000e+00
1.000000000000000000e+00 0.000000000000000000e+00 0.000000000000000000e+00 0.000000000000000000e+00 0.000000000000000000e+00 0.000000000000000000e+00 0.000000000000000000e+00 0.000000000000000000e+00
0.000000000000000000e+00 0.000000000000000000e+00 0.000000000000000000e+00 0.000000000000000000e+00 0.000000000000000000e+00 0.000000000000000000e+00 2.100248559852669346e-27 1.000000000000000000e+00
1.000000000000000000e+00 0.000000000000000000e+00 0.000000000000000000e+00 0.000000000000000000e+00 0.000000000000000000e+00 0.000000000000000000e+00 0.000000000000000000e+00 0.000000000000000000e+00
0.000000000000000000e+00 0.000000000000000000e+00 8.900881597412925098e-70 1.000000000000000000e+00 0.000000000000000000e+00 0.000000000000000000e+00 0.000000000000000000e+00 0.000000000000000000e+00
0.000000000000000000e+00 1.000000000000000000e+00 1.514891670151550993e-115 1.714604019135635757e-202 0.000000000000000000e+00 0.000000000000000000e+00 0.000000000000000000e+00 0.000000000000000000e+00
0.000000000000000000e+00 0.000000000000000000e+00 0.000000000000000000e+00 0.000000000000000000e+00 3.027196023438812286e-115 1.000000000000000000e+00 8.969381619688442843e-168 5.520542837397700322e-156
0.000000000000000000e+00 1.000000000000000000e+00 1.514891670151550993e-115 6.574842567847210564e-160 0.000000000000000000e+00 0.000000000000000000e+00 0.000000000000000000e+00 0.000000000000000000e+00
1.000000000000000000e+00 0.000000000000000000e+00 0.000000000000000000e+00 0.000000000000000000e+00 0.000000000000000000e+00 0.000000000000000000e+00 0.000000000000000000e+00 0.000000000000000000e+00
0.000000000000000000e+00 0.000000000000000000e+00 0.000000000000000000e+00 0.000000000000000000e+00 2.440271540055681102e-49 1.001021744944047436e-93 1.000000000000000000e+00 1.021313118754272506e-31
0.000000000000000000e+00 3.333333333333333148e-01 6.666666666666666297e-01 1.097828872122770558e-28 0.000000000000000000e+00 0.000000000000000000e+00 0.000000000000000000e+00 0.000000000000000000e+00
0.000000000000000000e+00 3.333333333333333148e-01 6.666666666666666297e-01 1.100204606010018202e-38 0.000000000000000000e+00 0.000000000000000000e+00 0.000000000000000000e+00 0.000000000000000000e+00
0.000000000000000000e+00 3.333333333333333148e-01 6.666666666666666297e-01 8.850674449241766186e-61 0.000000000000000000e+00 0.000000000000000000e+00 0.000000000000000000e+00 0.000000000000000000e+00
0.000000000000000000e+00 7.522119013475997993e-102 1.504423802695199599e-101 1.000000000000000000e+00 0.000000000000000000e+00 0.000000000000000000e+00 0.000000000000000000e+00 0.000000000000000000e+00
0.000000000000000000e+00 1.000000000000000000e+00 1.041754784147869210e-27 9.652522905555285860e-138 0.000000000000000000e+00 0.000000000000000000e+00 0.000000000000000000e+00 0.000000000000000000e+00
0.000000000000000000e+00 0.000000000000000000e+00 0.000000000000000000e+00 0.000000000000000000e+00 1.041754784147869210e-27 5.790839593822479845e-100 1.000000000000000000e+00 1.377996614039813764e-84
0.000000000000000000e+00 1.000000000000000000e+00 1.041754784147869210e-27 1.988624128559137484e-74 0.000000000000000000e+00 0.000000000000000000e+00 0.000000000000000000e+00 0.000000000000000000e+00
0.000000000000000000e+00 0.000000000000000000e+00 0.000000000000000000e+00 0.000000000000000000e+00 5.308150952891750380e-103 1.774668645138133419e-96 1.000000000000000000e+00 4.233157244330483604e-25
0.000000000000000000e+00 5.000000000000000000e-01 5.000000000000000000e-01 2.120088427203240616e-101 0.000000000000000000e+00 0.000000000000000000e+00 0.000000000000000000e+00 0.000000000000000000e+00
0.000000000000000000e+00 0.000000000000000000e+00 0.000000000000000000e+00 0.000000000000000000e+00 6.405035961730574929e-217 4.770596433148397520e-99 1.075120373407622075e-32 1.000000000000000000e+00
0.000000000000000000e+00 6.232924662726476121e-145 7.362028272247982331e-121 1.000000000000000000e+00 0.000000000000000000e+00 0.000000000000000000e+00 0.000000000000000000e+00 0.000000000000000000e+00
0.000000000000000000e+00 0.000000000000000000e+00 0.000000000000000000e+00 0.000000000000000000e+00 1.000000000000000000e+00 1.902079316799300232e-151 1.158406856135498837e-76 8.929315876873948558e-173
0.000000000000000000e+00 0.000000000000000000e+00 0.000000000000000000e+00 0.000000000000000000e+00 1.000000000000000000e+00 3.852356464360504647e-93 2.926486332174565010e-87 1.423679905074727076e-171
0.000000000000000000e+00 0.000000000000000000e+00 0.000000000000000000e+00 0.000000000000000000e+00 2.390751759157557757e-196 1.019797394114138929e-76 1.386094620506249128e-77 1.000000000000000000e+00
0.000000000000000000e+00 0.000000000000000000e+00 0.000000000000000000e+00 0.000000000000000000e+00 7.340753424959504701e-189 1.857410935583614474e-147 1.386094620506249512e-77 1.000000000000000000e+00
1.000000000000000000e+00 0.000000000000000000e+00 0.000000000000000000e+00 0.000000000000000000e+00 0.000000000000000000e+00 0.000000000000000000e+00 0.000000000000000000e+00 0.000000000000000000e+00
1.000000000000000000e+00 0.000000000000000000e+00 0.000000000000000000e+00 0.000000000000000000e+00 0.000000000000000000e+00 0.000000000000000000e+00 0.000000000000000000e+00 0.000000000000000000e+00
0.000000000000000000e+00 1.334592438001709864e-205 1.000000000000000000e+00 3.421078642157641224e-194 0.000000000000000000e+00 0.000000000000000000e+00 0.000000000000000000e+00 0.000000000000000000e+00
0.000000000000000000e+00 4.912556764685321008e-219 3.421034738046158322e-194 1.000000000000000000e+00 0.000000000000000000e+00 0.000000000000000000e+00 0.000000000000000000e+00 0.000000000000000000e+00
0.000000000000000000e+00 0.000000000000000000e+00 0.000000000000000000e+00 0.000000000000000000e+00 2.072057928958629641e-90 1.000000000000000000e+00 7.364954897762883990e-107 4.155288029310621624e-89
0.000000000000000000e+00 0.000000000000000000e+00 0.000000000000000000e+00 0.000000000000000000e+00 1.236577956631031089e-52 1.452568206711274273e-121 1.000000000000000000e+00 2.072057928958629641e-90
0.000000000000000000e+00 0.000000000000000000e+00 0.000000000000000000e+00 0.000000000000000000e+00 1.000000000000000000e+00 3.484998661023170445e-190 1.236574163629757663e-52 1.947869827334809795e-180
0.000000000000000000e+00 0.000000000000000000e+00 0.000000000000000000e+00 0.000000000000000000e+00 3.307049766411880658e-136 1.000000000000000000e+00 8.586934147023176290e-107 3.793001273616057013e-58
0.000000000000000000e+00 0.000000000000000000e+00 0.000000000000000000e+00 0.000000000000000000e+00 2.319926442854301066e-162 7.488201955297121892e-135 3.944650515555517340e-49 1.000000000000000000e+00
0.000000000000000000e+00 0.000000000000000000e+00 0.000000000000000000e+00 0.000000000000000000e+00 2.598183175041817700e-61 1.219306668797959664e-91 1.000000000000000000e+00 2.500098358773321727e-55
0.000000000000000000e+00 4.388758994389507075e-113 1.205947684049536682e-99 1.000000000000000000e+00 0.000000000000000000e+00 0.000000000000000000e+00 0.000000000000000000e+00 0.000000000000000000e+00
0.000000000000000000e+00 0.000000000000000000e+00 0.000000000000000000e+00 0.000000000000000000e+00 4.649113518198587557e-68 1.406979708661750664e-70 1.000000000000000000e+00 4.056805272498022857e-49
0.000000000000000000e+00 1.000000000000000000e+00 3.631550671150774281e-33 1.362356206680220878e-110 0.000000000000000000e+00 0.000000000000000000e+00 0.000000000000000000e+00 0.000000000000000000e+00
0.000000000000000000e+00 0.000000000000000000e+00 0.000000000000000000e+00 0.000000000000000000e+00 1.435737188438978289e-143 4.037392221872192625e-51 7.232874034470605089e-36 1.000000000000000000e+00
0.000000000000000000e+00 0.000000000000000000e+00 0.000000000000000000e+00 0.000000000000000000e+00 2.695171046394342780e-51 1.585657864693095707e-63 1.000000000000000000e+00 3.786404882600571976e-52
1.000000000000000000e+00 0.000000000000000000e+00 0.000000000000000000e+00 0.000000000000000000e+00 0.000000000000000000e+00 0.000000000000000000e+00 0.000000000000000000e+00 0.000000000000000000e+00
0.000000000000000000e+00 0.000000000000000000e+00 0.000000000000000000e+00 0.000000000000000000e+00 7.577031053171823807e-159 4.092585471464207784e-124 4.217418621794668533e-85 1.000000000000000000e+00
0.000000000000000000e+00 0.000000000000000000e+00 0.000000000000000000e+00 0.000000000000000000e+00 1.000000000000000000e+00 1.036200759969605235e-93 4.218079699468544237e-85 4.048937180760963407e-196
0.000000000000000000e+00 6.610880353396052648e-89 4.486687939762629882e-114 1.000000000000000000e+00 0.000000000000000000e+00 0.000000000000000000e+00 0.000000000000000000e+00 0.000000000000000000e+00
0.000000000000000000e+00 0.000000000000000000e+00 0.000000000000000000e+00 0.000000000000000000e+00 3.998725480940014155e-167 1.088140883905079990e-115 4.217418611433747861e-85 1.000000000000000000e+00
0.000000000000000000e+00 0.000000000000000000e+00 0.000000000000000000e+00 0.000000000000000000e+00 1.000000000000000000e+00 1.039935628049291396e-78 4.466296543970988736e-83 2.978222907619940193e-134
1.000000000000000000e+00 0.000000000000000000e+00 0.000000000000000000e+00 0.000000000000000000e+00 0.000000000000000000e+00 0.000000000000000000e+00 0.000000000000000000e+00 0.000000000000000000e+00
0.000000000000000000e+00 0.000000000000000000e+00 0.000000000000000000e+00 0.000000000000000000e+00 1.000000000000000000e+00 4.033850414604808373e-134 4.441014988151021459e-83 6.091352493395558457e-139
0.000000000000000000e+00 1.039980019638460359e-78 1.000000000000000000e+00 2.899369834334725700e-85 5.784568617182156451e-263 0.000000000000000000e+00 0.000000000000000000e+00 0.000000000000000000e+00
1.000000000000000000e+00 0.000000000000000000e+00 0.000000000000000000e+00 0.000000000000000000e+00 0.000000000000000000e+00 0.000000000000000000e+00 0.000000000000000000e+00 0.000000000000000000e+00
0.000000000000000000e+00 0.000000000000000000e+00 0.000000000000000000e+00 0.000000000000000000e+00 1.071316428080453976e-153 7.834070044692989647e-116 1.000000000000000000e+00 4.898650093942735668e-53
0.000000000000000000e+00 0.000000000000000000e+00 0.000000000000000000e+00 0.000000000000000000e+00 7.757428676072551314e-154 1.781328447728145283e-93 1.000000000000000000e+00 3.890067051680763961e-51
0.000000000000000000e+00 0.000000000000000000e+00 0.000000000000000000e+00 0.000000000000000000e+00 1.042319079876020433e-216 6.360970855208616840e-163 3.939053552620191679e-51 1.000000000000000000e+00
0.000000000000000000e+00 0.000000000000000000e+00 0.000000000000000000e+00 0.000000000000000000e+00 1.000000000000000000e+00 1.277775544566869784e-134 3.984231254910617803e-50 7.140956868424219827e-158
0.000000000000000000e+00 0.000000000000000000e+00 0.000000000000000000e+00 0.000000000000000000e+00 1.151294402437178501e-56 3.856633733354938589e-98 1.000000000000000000e+00 4.168084334554222008e-49
0.000000000000000000e+00 1.000000000000000000e+00 4.168084334554244038e-49 5.380360826128317572e-93 0.000000000000000000e+00 0.000000000000000000e+00 0.000000000000000000e+00 0.000000000000000000e+00
0.000000000000000000e+00 0.000000000000000000e+00 0.000000000000000000e+00 0.000000000000000000e+00 4.566507344915865675e-49 1.316397349929161983e-98 1.000000000000000000e+00 2.191721235791480419e-63
0.000000000000000000e+00 0.000000000000000000e+00 0.000000000000000000e+00 0.000000000000000000e+00 1.000000000000000000e+00 2.016575915646188994e-143 2.419567117896891607e-55 3.039229251275823425e-136
0.000000000000000000e+00 0.000000000000000000e+00 0.000000000000000000e+00 0.000000000000000000e+00 2.419567117896891607e-55 9.745328456408286441e-74 1.000000000000000000e+00 1.664662728850291152e-25
0.000000000000000000e+00 0.000000000000000000e+00 0.000000000000000000e+00 0.000000000000000000e+00 1.028329435004745192e-132 1.000000000000000000e+00 3.801623388209648759e-72 3.512734295574212348e-121
0.000000000000000000e+00 1.664662728850291152e-25 1.000000000000000000e+00 2.205611432169830824e-107 0.000000000000000000e+00 0.000000000000000000e+00 0.000000000000000000e+00 0.000000000000000000e+00
1.000000000000000000e+00 0.000000000000000000e+00 0.000000000000000000e+00 0.000000000000000000e+00 0.000000000000000000e+00 0.000000000000000000e+00 0.000000000000000000e+00 0.000000000000000000e+00
0.000000000000000000e+00 0.000000000000000000e+00 0.000000000000000000e+00 0.000000000000000000e+00 6.393916803621277719e-103 1.000000000000000000e+00 1.192717983174650926e-64 1.744148489762284551e-133
0.000000000000000000e+00 0.000000000000000000e+00 0.000000000000000000e+00 0.000000000000000000e+00 2.692667829604369834e-127 1.000000000000000000e+00 3.467541464020903987e-61 1.287450414186132745e-106
0.000000000000000000e+00 3.468734182004078025e-61 1.000000000000000000e+00 4.650205778298526850e-132 0.000000000000000000e+00 0.000000000000000000e+00 0.000000000000000000e+00 0.000000000000000000e+00
0.000000000000000000e+00 0.000000000000000000e+00 2.321504097825605935e-118 1.000000000000000000e+00 0.000000000000000000e+00 0.000000000000000000e+00 0.000000000000000000e+00 0.000000000000000000e+00
0.000000000000000000e+00 0.000000000000000000e+00 0.000000000000000000e+00 0.000000000000000000e+00 0.000000000000000000e+00 0.000000000000000000e+00 1.000000000000000000e+00 7.340930770051757517e-32
1.000000000000000000e+00 0.000000000000000000e+00 0.000000000000000000e+00 0.000000000000000000e+00 0.000000000000000000e+00 0.000000000000000000e+00 0.000000000000000000e+00 0.000000000000000000e+00
1.000000000000000000e+00 0.000000000000000000e+00 0.000000000000000000e+00 0.000000000000000000e+00 0.000000000000000000e+00 0.000000000000000000e+00 0.000000000000000000e+00 0.000000000000000000e+00
0.000000000000000000e+00 0.000000000000000000e+00 0.000000000000000000e+00 0.000000000000000000e+00 9.996892302137709886e-205 7.199663629285680852e-108 4.545051952330997207e-65 1.000000000000000000e+00
0.000000000000000000e+00 0.000000000000000000e+00 0.000000000000000000e+00 0.000000000000000000e+00 2.042659208927657200e-108 1.000000000000000000e+00 2.143927704171309287e-69 1.213069522413513790e-134
0.000000000000000000e+00 0.000000000000000000e+00 0.000000000000000000e+00 0.000000000000000000e+00 2.150812209498759178e-226 6.613194484879358360e-204 4.218772672304640756e-77 1.000000000000000000e+00
0.000000000000000000e+00 0.000000000000000000e+00 0.000000000000000000e+00 0.000000000000000000e+00 4.384616361253077315e-131 1.000000000000000000e+00 4.544837559564798400e-65 7.199665868934132570e-108
0.000000000000000000e+00 0.000000000000000000e+00 0.000000000000000000e+00 0.000000000000000000e+00 1.896297068935759391e-168 2.823776026783303414e-99 2.481494338342023487e-36 1.000000000000000000e+00
0.000000000000000000e+00 0.000000000000000000e+00 0.000000000000000000e+00 0.000000000000000000e+00 6.145937654777886175e-141 1.284183066513157867e-129 7.647877329884590032e-22 1.000000000000000000e+00
0.000000000000000000e+00 0.000000000000000000e+00 0.000000000000000000e+00 0.000000000000000000e+00 2.953844186777492829e-133 4.386724904555324011e-119 1.820600924912209849e-17 1.000000000000000000e+00
0.000000000000000000e+00 1.000000000000000000e+00 1.820677403904842496e-17 1.658543776823696148e-111 0.000000000000000000e+00 0.000000000000000000e+00 0.000000000000000000e+00 0.000000000000000000e+00
0.000000000000000000e+00 3.333333333333333148e-01 6.666666666666666297e-01 9.542400682213363388e-69 0.000000000000000000e+00 0.000000000000000000e+00 0.000000000000000000e+00 0.000000000000000000e+00
0.000000000000000000e+00 3.333333333333333148e-01 6.666666666666666297e-01 3.056293315684187988e-87 0.000000000000000000e+00 0.000000000000000000e+00 0.000000000000000000e+00 0.000000000000000000e+00
0.000000000000000000e+00 3.333333333333333148e-01 6.666666666666666297e-01 2.256846026581353713e-113 0.000000000000000000e+00 0.000000000000000000e+00 0.000000000000000000e+00 0.000000000000000000e+00
0.000000000000000000e+00 1.486165584835569935e-66 1.486165584835569935e-66 1.000000000000000000e+00 0.000000000000000000e+00 0.000000000000000000e+00 0.000000000000000000e+00 0.000000000000000000e+00
0.000000000000000000e+00 1.998006212564431776e-111 1.000000000000000000e+00 4.472456765437756280e-103 0.000000000000000000e+00 0.000000000000000000e+00 0.000000000000000000e+00 0.000000000000000000e+00
0.000000000000000000e+00 1.998006212564431407e-111 4.472456785417817403e-103 1.000000000000000000e+00 0.000000000000000000e+00 0.000000000000000000e+00 0.000000000000000000e+00 0.000000000000000000e+00
0.000000000000000000e+00 0.000000000000000000e+00 0.000000000000000000e+00 0.000000000000000000e+00 1.000000000000000000e+00 0.000000000000000000e+00 3.996012023603318167e-111 2.659254313304543941e-199
0.000000000000000000e+00 1.948455735948953103e-161 4.361540030521871064e-153 1.000000000000000000e+00 0.000000000000000000e+00 0.000000000000000000e+00 0.000000000000000000e+00 0.000000000000000000e+00
0.000000000000000000e+00 1.000000000000000000e+00 6.220376505165997991e-24 9.611964127341220850e-107 0.000000000000000000e+00 0.000000000000000000e+00 0.000000000000000000e+00 0.000000000000000000e+00
0.000000000000000000e+00 0.000000000000000000e+00 0.000000000000000000e+00 0.000000000000000000e+00 1.000000000000000000e+00 2.194608358495705128e-164 4.789177129600806155e-49 8.376683554770889732e-150
0.000000000000000000e+00 1.000000000000000000e+00 6.220376505165997991e-24 7.106347141421937394e-89 0.000000000000000000e+00 0.000000000000000000e+00 0.000000000000000000e+00 0.000000000000000000e+00
0.000000000000000000e+00 0.000000000000000000e+00 0.000000000000000000e+00 0.000000000000000000e+00 3.869606528248311462e-24 1.214877691734382662e-91 1.000000000000000000e+00 1.195248005861397680e-56
0.000000000000000000e+00 0.000000000000000000e+00 0.000000000000000000e+00 0.000000000000000000e+00 1.370643182584481159e-110 5.321683462099246173e-53 1.000000000000000000e+00 2.285939949671976357e-150
0.000000000000000000e+00 1.000000000000000000e+00 5.321683462099246173e-53 4.038387917006755039e-134 0.000000000000000000e+00 0.000000000000000000e+00 0.000000000000000000e+00 0.000000000000000000e+00
0.000000000000000000e+00 0.000000000000000000e+00 0.000000000000000000e+00 0.000000000000000000e+00 7.914035598625545276e-122 1.000000000000000000e+00 1.370643182584467864e-110 1.343284039717715958e-124
0.000000000000000000e+00 0.000000000000000000e+00 0.000000000000000000e+00 0.000000000000000000e+00 1.344537907675441571e-160 1.000000000000000000e+00 2.692877960759882445e-131 5.511039121187221325e-129
0.000000000000000000e+00 0.000000000000000000e+00 0.000000000000000000e+00 0.000000000000000000e+00 1.322251795219339240e-129 1.000000000000000000e+00 1.516571767251192542e-92 1.506029196166925184e-147
0.000000000000000000e+00 5.819986553707434098e-171 2.610441648108258004e-145 1.000000000000000000e+00 0.000000000000000000e+00 0.000000000000000000e+00 0.000000000000000000e+00 0.000000000000000000e+00
0.000000000000000000e+00 1.000000000000000000e+00 2.364205027802231611e-29 1.223151290436404874e-196 0.000000000000000000e+00 0.000000000000000000e+00 0.000000000000000000e+00 0.000000000000000000e+00
0.000000000000000000e+00 0.000000000000000000e+00 0.000000000000000000e+00 0.000000000000000000e+00 1.567195191619652062e-71 1.000000000000000000e+00 7.605254097318569617e-86 3.548853700265680125e-241
0.000000000000000000e+00 1.097785630081007957e-48 1.000000000000000000e+00 7.211589183269912655e-102 0.000000000000000000e+00 0.000000000000000000e+00 0.000000000000000000e+00 0.000000000000000000e+00
1.000000000000000000e+00 0.000000000000000000e+00 0.000000000000000000e+00 0.000000000000000000e+00 0.000000000000000000e+00 0.000000000000000000e+00 0.000000000000000000e+00 0.000000000000000000e+00
0.000000000000000000e+00 0.000000000000000000e+00 0.000000000000000000e+00 1.024748777483116350e-242 1.000000000000000000e+00 4.732080943387838312e-148 1.097785630081007957e-48 0.000000000000000000e+00
1.000000000000000000e+00 0.000000000000000000e+00 0.000000000000000000e+00 0.000000000000000000e+00 0.000000000000000000e+00 0.000000000000000000e+00 0.000000000000000000e+00 0.000000000000000000e+00
0.000000000000000000e+00 2.619927424241565575e-184 2.556709688236247683e-88 1.000000000000000000e+00 0.000000000000000000e+00 0.000000000000000000e+00 0.000000000000000000e+00 0.000000000000000000e+00
0.000000000000000000e+00 1.265941613499821389e-148 1.235394980039719058e-52 1.000000000000000000e+00 0.000000000000000000e+00 0.000000000000000000e+00 0.000000000000000000e+00 0.000000000000000000e+00
0.000000000000000000e+00 5.000000000000000000e-01 5.000000000000000000e-01 2.080451870071220823e-163 0.000000000000000000e+00 0.000000000000000000e+00 0.000000000000000000e+00 0.000000000000000000e+00
0.000000000000000000e+00 5.000000000000000000e-01 5.000000000000000000e-01 2.531883190089616807e-148 0.000000000000000000e+00 0.000000000000000000e+00 0.000000000000000000e+00 0.000000000000000000e+00
0.000000000000000000e+00 4.046973588089317674e-70 1.000000000000000000e+00 3.803251796402434940e-80 0.000000000000000000e+00 0.000000000000000000e+00 0.000000000000000000e+00 0.000000000000000000e+00
0.000000000000000000e+00 1.455251877381799613e-162 1.881868761290000503e-145 1.000000000000000000e+00 0.000000000000000000e+00 0.000000000000000000e+00 0.000000000000000000e+00 0.000000000000000000e+00
0.000000000000000000e+00 3.634360273203374822e-207 1.054335010343840311e-201 1.000000000000000000e+00 0.000000000000000000e+00 0.000000000000000000e+00 0.000000000000000000e+00 0.000000000000000000e+00
0.000000000000000000e+00 3.803251796402434940e-80 1.000000000000000000e+00 4.046973588089317674e-70 0.000000000000000000e+00 0.000000000000000000e+00 0.000000000000000000e+00 0.000000000000000000e+00
0.000000000000000000e+00 0.000000000000000000e+00 0.000000000000000000e+00 0.000000000000000000e+00 5.898946538032502964e-160 9.962688675171110074e-114 3.659491030889491975e-83 1.000000000000000000e+00
0.000000000000000000e+00 2.636426325328717943e-74 1.000000000000000000e+00 6.943485529437490711e-70 0.000000000000000000e+00 0.000000000000000000e+00 0.000000000000000000e+00 0.000000000000000000e+00
0.000000000000000000e+00 6.943749172070023012e-70 1.000000000000000000e+00 1.798468919943132765e-129 0.000000000000000000e+00 0.000000000000000000e+00 0.000000000000000000e+00 0.000000000000000000e+00
0.000000000000000000e+00 1.074828798973784943e-124 5.374144468082534351e-125 1.000000000000000000e+00 0.000000000000000000e+00 0.000000000000000000e+00 0.000000000000000000e+00 0.000000000000000000e+00
0.000000000000000000e+00 0.000000000000000000e+00 0.000000000000000000e+00 0.000000000000000000e+00 1.000000000000000000e+00 6.031458426276346475e-203 4.065898442875697618e-52 1.316535581750036927e-193
0.000000000000000000e+00 0.000000000000000000e+00 0.000000000000000000e+00 0.000000000000000000e+00 4.067599153008293957e-52 2.613370482662529456e-70 1.000000000000000000e+00 1.174751938479081132e-98
0.000000000000000000e+00 1.292302986878802524e-98 1.174751938479081132e-98 1.000000000000000000e+00 0.000000000000000000e+00 0.000000000000000000e+00 0.000000000000000000e+00 0.000000000000000000e+00
0.000000000000000000e+00 0.000000000000000000e+00 0.000000000000000000e+00 0.000000000000000000e+00 1.000000000000000000e+00 2.613370482662529456e-70 1.700710132597038384e-55 8.204377136420115584e-204
0.000000000000000000e+00 0.000000000000000000e+00 0.000000000000000000e+00 0.000000000000000000e+00 5.991466248707980539e-49 6.096385582348449736e-95 1.000000000000000000e+00 6.046552678159244544e-57
0.000000000000000000e+00 1.161741323749283105e-80 7.633003040118670988e-57 1.000000000000000000e+00 0.000000000000000000e+00 0.000000000000000000e+00 0.000000000000000000e+00 0.000000000000000000e+00
0.000000000000000000e+00 0.000000000000000000e+00 0.000000000000000000e+00 0.000000000000000000e+00 1.000000000000000000e+00 1.284088751001468830e-95 2.936134668958282428e-49 2.397373575563672254e-156
0.000000000000000000e+00 1.000000000000000000e+00 2.012560670416324701e-28 2.526829933813458640e-87 0.000000000000000000e+00 0.000000000000000000e+00 0.000000000000000000e+00 0.000000000000000000e+00
0.000000000000000000e+00 0.000000000000000000e+00 0.000000000000000000e+00 0.000000000000000000e+00 3.264859864861560112e-172 7.641535363496128356e-116 1.635246857013046580e-59 1.000000000000000000e+00
0.000000000000000000e+00 0.000000000000000000e+00 0.000000000000000000e+00 0.000000000000000000e+00 2.622265121041480029e-49 1.720896420062531224e-97 1.000000000000000000e+00 1.508677125656357033e-37
0.000000000000000000e+00 1.508677125656357033e-37 1.000000000000000000e+00 2.498763334337426742e-66 0.000000000000000000e+00 0.000000000000000000e+00 0.000000000000000000e+00 0.000000000000000000e+00
0.000000000000000000e+00 0.000000000000000000e+00 0.000000000000000000e+00 0.000000000000000000e+00 5.456082624051805698e-182 1.941579705774073928e-132 1.683901469679957883e-62 1.000000000000000000e+00
0.000000000000000000e+00 0.000000000000000000e+00 0.000000000000000000e+00 0.000000000000000000e+00 4.486920438596347913e-195 5.315317307104760789e-97 1.141315188308515748e-46 1.000000000000000000e+00
1.000000000000000000e+00 0.000000000000000000e+00 0.000000000000000000e+00 0.000000000000000000e+00 0.000000000000000000e+00 0.000000000000000000e+00 0.000000000000000000e+00 0.000000000000000000e+00
0.000000000000000000e+00 0.000000000000000000e+00 0.000000000000000000e+00 0.000000000000000000e+00 5.257200990790581803e-146 5.640646657137720222e-162 1.000000000000000000e+00 1.141214614561976744e-46
0.000000000000000000e+00 0.000000000000000000e+00 0.000000000000000000e+00 0.000000000000000000e+00 5.257200990790581803e-146 6.839016335518846066e-90 1.000000000000000000e+00 1.005737465389303202e-50
0.000000000000000000e+00 0.000000000000000000e+00 0.000000000000000000e+00 0.000000000000000000e+00 1.000000000000000000e+00 8.508522371708705975e-154 1.445432787019935198e-53 1.519239386733529405e-158
1.000000000000000000e+00 0.000000000000000000e+00 0.000000000000000000e+00 0.000000000000000000e+00 0.000000000000000000e+00 0.000000000000000000e+00 0.000000000000000000e+00 0.000000000000000000e+00
0.000000000000000000e+00 0.000000000000000000e+00 0.000000000000000000e+00 0.000000000000000000e+00 1.370766259169558719e-130 2.503764403036345989e-150 5.388452588977332952e-26 1.000000000000000000e+00
0.000000000000000000e+00 1.000000000000000000e+00 5.388452588977332952e-26 9.506504886500358667e-116 0.000000000000000000e+00 0.000000000000000000e+00 0.000000000000000000e+00 0.000000000000000000e+00
0.000000000000000000e+00 1.098632344928205806e-15 9.999999999999988898e-01 9.263303290603925522e-161 0.000000000000000000e+00 0.000000000000000000e+00 0.000000000000000000e+00 0.000000000000000000e+00
1.000000000000000000e+00 0.000000000000000000e+00 0.000000000000000000e+00 0.000000000000000000e+00 0.000000000000000000e+00 0.000000000000000000e+00 0.000000000000000000e+00 0.000000000000000000e+00
0.000000000000000000e+00 0.000000000000000000e+00 0.000000000000000000e+00 0.000000000000000000e+00 1.000000000000000000e+00 3.392620099186470224e-83 1.797421948703988104e-72 8.265745709598180824e-170
0.000000000000000000e+00 0.000000000000000000e+00 0.000000000000000000e+00 0.000000000000000000e+00 1.797421948703988356e-72 9.999999999999988898e-01 1.098632344928205806e-15 1.539938094370394925e-122
0.000000000000000000e+00 0.000000000000000000e+00 0.000000000000000000e+00 0.000000000000000000e+00 1.580448796574835887e-132 1.000000000000000000e+00 2.288854371876226720e-136 4.401081132467138030e-132
0.000000000000000000e+00 0.000000000000000000e+00 0.000000000000000000e+00 0.000000000000000000e+00 1.000000000000000000e+00 4.529735584423014881e-132 1.178965202777635106e-87 3.362014949959152599e-258
0.000000000000000000e+00 1.178965202777635106e-87 2.652393085324075242e-63 1.000000000000000000e+00 0.000000000000000000e+00 0.000000000000000000e+00 0.000000000000000000e+00 0.000000000000000000e+00
0.000000000000000000e+00 1.000000000000000000e+00 2.652393085324075242e-63 7.242307762385085763e-209 0.000000000000000000e+00 0.000000000000000000e+00 0.000000000000000000e+00 0.000000000000000000e+00
0.000000000000000000e+00 1.509754847270644318e-99 5.663506541197194632e-92 1.000000000000000000e+00 0.000000000000000000e+00 0.000000000000000000e+00 0.000000000000000000e+00 0.000000000000000000e+00
0.000000000000000000e+00 0.000000000000000000e+00 0.000000000000000000e+00 0.000000000000000000e+00 1.000000000000000000e+00 3.212645266282014285e-161 8.455602637726609395e-70 6.227378578997309641e-228
0.000000000000000000e+00 0.000000000000000000e+00 0.000000000000000000e+00 0.000000000000000000e+00 1.000000000000000000e+00 2.921900051986261544e-180 1.707156416560886636e-62 4.641603296564951344e-218
0.000000000000000000e+00 0.000000000000000000e+00 0.000000000000000000e+00 0.000000000000000000e+00 1.707156501116912997e-62 3.027084404188331623e-148 1.000000000000000000e+00 5.663506541197194632e-92
0.000000000000000000e+00 0.000000000000000000e+00 0.000000000000000000e+00 0.000000000000000000e+00 4.591986359386690521e-177 2.535647743588404672e-143 1.212837830024095662e-90 1.000000000000000000e+00
0.000000000000000000e+00 2.532956022044704058e-105 5.044049326526289761e-129 1.000000000000000000e+00 0.000000000000000000e+00 0.000000000000000000e+00 0.000000000000000000e+00 0.000000000000000000e+00
0.000000000000000000e+00 0.000000000000000000e+00 0.000000000000000000e+00 0.000000000000000000e+00 0.000000000000000000e+00 1.000000000000000000e+00 1.748121242717671704e-125 1.284384833958854292e-145
0.000000000000000000e+00 0.000000000000000000e+00 0.000000000000000000e+00 0.000000000000000000e+00 2.925607631767136746e-166 6.092496127659063856e-124 1.212837830024095662e-90 1.000000000000000000e+00
0.000000000000000000e+00 0.000000000000000000e+00 0.000000000000000000e+00 0.000000000000000000e+00 3.086957256186870392e-142 6.715247929263496343e-91 1.841813163724387580e-30 1.000000000000000000e+00
0.000000000000000000e+00 0.000000000000000000e+00 0.000000000000000000e+00 0.000000000000000000e+00 1.000000000000000000e+00 9.524297131314496976e-95 2.174862770223485738e-57 5.750254994887526498e-155
0.000000000000000000e+00 1.000000000000000000e+00 1.841813163724387580e-30 2.203380475274625080e-100 0.000000000000000000e+00 0.000000000000000000e+00 0.000000000000000000e+00 0.000000000000000000e+00
0.000000000000000000e+00 0.000000000000000000e+00 0.000000000000000000e+00 0.000000000000000000e+00 2.174862770223485738e-57 1.049710741491018685e-65 1.000000000000000000e+00 1.052587830826981986e-58
0.000000000000000000e+00 1.000000000000000000e+00 5.775468646216675440e-57 0.000000000000000000e+00 0.000000000000000000e+00 0.000000000000000000e+00 0.000000000000000000e+00 0.000000000000000000e+00
1.000000000000000000e+00 0.000000000000000000e+00 0.000000000000000000e+00 0.000000000000000000e+00 0.000000000000000000e+00 0.000000000000000000e+00 0.000000000000000000e+00 0.000000000000000000e+00
0.000000000000000000e+00 1.868876653902127086e-83 5.775468646216675440e-57 1.000000000000000000e+00 0.000000000000000000e+00 0.000000000000000000e+00 0.000000000000000000e+00 0.000000000000000000e+00
0.000000000000000000e+00 0.000000000000000000e+00 0.000000000000000000e+00 0.000000000000000000e+00 1.000000000000000000e+00 0.000000000000000000e+00 1.868876653902127086e-83 0.000000000000000000e+00
0.000000000000000000e+00 1.000000000000000000e+00 5.982604622494037912e-26 5.380936104810601235e-92 0.000000000000000000e+00 0.000000000000000000e+00 0.000000000000000000e+00 0.000000000000000000e+00
0.000000000000000000e+00 1.000000000000000000e+00 5.982604622494037912e-26 4.799930245622347124e-117 0.000000000000000000e+00 0.000000000000000000e+00 0.000000000000000000e+00 0.000000000000000000e+00
0.000000000000000000e+00 1.000000000000000000e+00 5.982604622494037912e-26 7.693711919928548781e-80 0.000000000000000000e+00 0.000000000000000000e+00 0.000000000000000000e+00 0.000000000000000000e+00
0.000000000000000000e+00 0.000000000000000000e+00 0.000000000000000000e+00 0.000000000000000000e+00 3.035749969535776371e-105 1.009328082916710148e-145 2.240486018908271714e-25 1.000000000000000000e+00
0.000000000000000000e+00 0.000000000000000000e+00 0.000000000000000000e+00 0.000000000000000000e+00 1.000000000000000000e+00 4.880033458152849055e-86 7.854220802460369978e-82 1.156900194510203339e-208
0.000000000000000000e+00 0.000000000000000000e+00 0.000000000000000000e+00 0.000000000000000000e+00 6.574345813681121067e-189 4.937828533785129470e-160 7.854708805623155136e-82 1.000000000000000000e+00
0.000000000000000000e+00 2.314551077730688629e-103 7.898894530558560295e-128 1.000000000000000000e+00 0.000000000000000000e+00 0.000000000000000000e+00 0.000000000000000000e+00 0.000000000000000000e+00
1.000000000000000000e+00 0.000000000000000000e+00 0.000000000000000000e+00 0.000000000000000000e+00 0.000000000000000000e+00 0.000000000000000000e+00 0.000000000000000000e+00 0.000000000000000000e+00
0.000000000000000000e+00 0.000000000000000000e+00 0.000000000000000000e+00 0.000000000000000000e+00 0.000000000000000000e+00 1.000000000000000000e+00 0.000000000000000000e+00 3.035013510369826085e-115
0.000000000000000000e+00 0.000000000000000000e+00 0.000000000000000000e+00 0.000000000000000000e+00 2.093251828433990446e-194 2.705610058895561163e-172 3.757474701470144491e-50 1.000000000000000000e+00
0.000000000000000000e+00 0.000000000000000000e+00 0.000000000000000000e+00 0.000000000000000000e+00 9.926156426023275523e-97 1.805651972342635586e-86 1.000000000000000000e+00 3.757474701470144491e-50
0.000000000000000000e+00 0.000000000000000000e+00 0.000000000000000000e+00 0.000000000000000000e+00 7.955385484462509160e-122 1.000000000000000000e+00 1.703485926660249435e-78 9.926156426023275523e-97
0.000000000000000000e+00 5.000000000000000000e-01 5.000000000000000000e-01 3.309285367727884442e-149 0.000000000000000000e+00 0.000000000000000000e+00 0.000000000000000000e+00 0.000000000000000000e+00
0.000000000000000000e+00 0.000000000000000000e+00 0.000000000000000000e+00 0.000000000000000000e+00 2.303385923320914480e-150 1.000000000000000000e+00 1.317085733923148865e-127 1.383495295877082696e-185
0.000000000000000000e+00 5.000000000000000000e-01 5.000000000000000000e-01 1.095307772556921296e-151 0.000000000000000000e+00 0.000000000000000000e+00 0.000000000000000000e+00 0.000000000000000000e+00
0.000000000000000000e+00 0.000000000000000000e+00 0.000000000000000000e+00 0.000000000000000000e+00 1.000000000000000000e+00 2.601443014351654517e-92 2.041663345054493501e-53 4.038738294190001723e-134
0.000000000000000000e+00 5.000000000000000000e-01 5.000000000000000000e-01 7.159422902433989215e-193 0.000000000000000000e+00 0.000000000000000000e+00 0.000000000000000000e+00 0.000000000000000000e+00
0.000000000000000000e+00 0.000000000000000000e+00 0.000000000000000000e+00 0.000000000000000000e+00 1.000000000000000000e+00 0.000000000000000000e+00 1.194522412550948602e-64 3.100275041649367734e-145
0.000000000000000000e+00 5.000000000000000000e-01 5.000000000000000000e-01 2.589014998693953611e-133 0.000000000000000000e+00 0.000000000000000000e+00 0.000000000000000000e+00 0.000000000000000000e+00
0.000000000000000000e+00 0.000000000000000000e+00 0.000000000000000000e+00 0.000000000000000000e+00 1.814454738651711816e-63 2.764170922903098323e-54 1.000000000000000000e+00 3.155231520998976174e-19
0.000000000000000000e+00 0.000000000000000000e+00 0.000000000000000000e+00 5.658543327222843917e-188 1.000000000000000000e+00 0.000000000000000000e+00 6.382298134309926947e-85 2.214475656661785442e-168
0.000000000000000000e+00 2.731901410558428046e-99 8.195704231675284544e-99 1.000000000000000000e+00 0.000000000000000000e+00 0.000000000000000000e+00 0.000000000000000000e+00 0.000000000000000000e+00
0.000000000000000000e+00 6.666666666666666297e-01 3.333333333333333148e-01 2.951424298200610026e-136 0.000000000000000000e+00 0.000000000000000000e+00 0.000000000000000000e+00 0.000000000000000000e+00
0.000000000000000000e+00 6.666666666666666297e-01 3.333333333333333148e-01 1.830295593640648093e-114 0.000000000000000000e+00 0.000000000000000000e+00 0.000000000000000000e+00 0.000000000000000000e+00
0.000000000000000000e+00 6.666666666666666297e-01 3.333333333333333148e-01 3.137834788625669493e-80 0.000000000000000000e+00 0.000000000000000000e+00 0.000000000000000000e+00 0.000000000000000000e+00
0.000000000000000000e+00 0.000000000000000000e+00 0.000000000000000000e+00 0.000000000000000000e+00 2.233798042505825906e-184 1.211312779290920914e-96 3.185889578420691647e-26 1.000000000000000000e+00
0.000000000000000000e+00 6.666666666666666297e-01 3.333333333333333148e-01 5.323223273214599551e-138 0.000000000000000000e+00 0.000000000000000000e+00 0.000000000000000000e+00 0.000000000000000000e+00
1.000000000000000000e+00 0.000000000000000000e+00 0.000000000000000000e+00 0.000000000000000000e+00 0.000000000000000000e+00 0.000000000000000000e+00 0.000000000000000000e+00 0.000000000000000000e+00
0.000000000000000000e+00 3.236646643645811696e-27 1.000000000000000000e+00 2.107564510716076368e-143 0.000000000000000000e+00 0.000000000000000000e+00 0.000000000000000000e+00 0.000000000000000000e+00
1.000000000000000000e+00 0.000000000000000000e+00 0.000000000000000000e+00 0.000000000000000000e+00 0.000000000000000000e+00 0.000000000000000000e+00 0.000000000000000000e+00 0.000000000000000000e+00
1.000000000000000000e+00 0.000000000000000000e+00 0.000000000000000000e+00 0.000000000000000000e+00 0.000000000000000000e+00 0.000000000000000000e+00 0.000000000000000000e+00 0.000000000000000000e+00
0.000000000000000000e+00 0.000000000000000000e+00 0.000000000000000000e+00 0.000000000000000000e+00 0.000000000000000000e+00 2.107564510716076368e-143 1.000000000000000000e+00 3.236646643645811696e-27
0.000000000000000000e+00 1.000000000000000000e+00 3.932457486100720219e-72 3.337181704657811974e-94 0.000000000000000000e+00 0.000000000000000000e+00 0.000000000000000000e+00 0.000000000000000000e+00
0.000000000000000000e+00 0.000000000000000000e+00 0.000000000000000000e+00 0.000000000000000000e+00 3.337181704657811974e-94 1.221947523838121726e-74 1.000000000000000000e+00 1.794433076863509602e-96
0.000000000000000000e+00 6.661840348467648603e-103 2.910780022179200428e-78 1.000000000000000000e+00 0.000000000000000000e+00 0.000000000000000000e+00 0.000000000000000000e+00 0.000000000000000000e+00
0.000000000000000000e+00 8.972158722477199845e-97 3.920235100082317030e-72 1.000000000000000000e+00 0.000000000000000000e+00 0.000000000000000000e+00 0.000000000000000000e+00 0.000000000000000000e+00
0.000000000000000000e+00 0.000000000000000000e+00 0.000000000000000000e+00 0.000000000000000000e+00 7.537478502179747983e-193 5.149018104766058402e-131 6.142729624193407855e-21 1.000000000000000000e+00
0.000000000000000000e+00 1.000000000000000000e+00 6.142729624193407855e-21 1.077528568389788694e-105 0.000000000000000000e+00 0.000000000000000000e+00 0.000000000000000000e+00 0.000000000000000000e+00
0.000000000000000000e+00 0.000000000000000000e+00 0.000000000000000000e+00 0.000000000000000000e+00 0.000000000000000000e+00 1.000000000000000000e+00 8.535357947939931987e-135 8.962259202564764979e-149
0.000000000000000000e+00 1.077528568389788694e-105 6.032864965950198052e-52 1.000000000000000000e+00 0.000000000000000000e+00 0.000000000000000000e+00 0.000000000000000000e+00 0.000000000000000000e+00
1.000000000000000000e+00 0.000000000000000000e+00 0.000000000000000000e+00 0.000000000000000000e+00 0.000000000000000000e+00 0.000000000000000000e+00 0.000000000000000000e+00 0.000000000000000000e+00
0.000000000000000000e+00 0.000000000000000000e+00 0.000000000000000000e+00 0.000000000000000000e+00 0.000000000000000000e+00 0.000000000000000000e+00 1.000000000000000000e+00 3.812078825705915833e-63
0.000000000000000000e+00 0.000000000000000000e+00 0.000000000000000000e+00 0.000000000000000000e+00 0.000000000000000000e+00 0.000000000000000000e+00 3.812078825705915833e-63 1.000000000000000000e+00
0.000000000000000000e+00 0.000000000000000000e+00 1.017172768877932686e-91 1.000000000000000000e+00 0.000000000000000000e+00 0.000000000000000000e+00 0.000000000000000000e+00 0.000000000000000000e+00
0.000000000000000000e+00 5.000000000000000000e-01 5.000000000000000000e-01 6.621258327314383919e-101 0.000000000000000000e+00 0.000000000000000000e+00 0.000000000000000000e+00 0.000000000000000000e+00
1.000000000000000000e+00 0.000000000000000000e+00 0.000000000000000000e+00 0.000000000000000000e+00 0.000000000000000000e+00 0.000000000000000000e+00 0.000000000000000000e+00 0.000000000000000000e+00
0.000000000000000000e+00 0.000000000000000000e+00 0.000000000000000000e+00 0.000000000000000000e+00 7.964790228916047453e-48 1.000000000000000000e+00 7.663414316063381761e-33 0.000000000000000000e+00
0.000000000000000000e+00 5.000000000000000000e-01 5.000000000000000000e-01 1.618194562031216787e-91 0.000000000000000000e+00 0.000000000000000000e+00 0.000000000000000000e+00 0.000000000000000000e+00
0.000000000000000000e+00 6.666666666666666297e-01 3.333333333333333148e-01 5.409336011729848381e-135 0.000000000000000000e+00 0.000000000000000000e+00 0.000000000000000000e+00 0.000000000000000000e+00
0.000000000000000000e+00 6.666666666666666297e-01 3.333333333333333148e-01 7.187849834689273857e-136 0.000000000000000000e+00 0.000000000000000000e+00 0.000000000000000000e+00 0.000000000000000000e+00
1.000000000000000000e+00 0.000000000000000000e+00 0.000000000000000000e+00 0.000000000000000000e+00 0.000000000000000000e+00 0.000000000000000000e+00 0.000000000000000000e+00 0.000000000000000000e+00
0.000000000000000000e+00 6.666666666666666297e-01 3.333333333333333148e-01 4.690551028260920537e-135 0.000000000000000000e+00 0.000000000000000000e+00 0.000000000000000000e+00 0.000000000000000000e+00
0.000000000000000000e+00 6.666666666666666297e-01 3.333333333333333148e-01 7.329672781813143647e-153 0.000000000000000000e+00 0.000000000000000000e+00 0.000000000000000000e+00 0.000000000000000000e+00
0.000000000000000000e+00 6.038394615969747427e-58 1.811518384790924087e-57 1.000000000000000000e+00 0.000000000000000000e+00 0.000000000000000000e+00 0.000000000000000000e+00 0.000000000000000000e+00
0.000000000000000000e+00 0.000000000000000000e+00 0.000000000000000000e+00 0.000000000000000000e+00 1.000000000000000000e+00 0.000000000000000000e+00 2.731715243937291918e-81 5.005714907928463623e-160
0.000000000000000000e+00 6.666666666666666297e-01 3.333333333333333148e-01 4.880442290326397533e-168 0.000000000000000000e+00 0.000000000000000000e+00 0.000000000000000000e+00 0.000000000000000000e+00
0.000000000000000000e+00 6.566796209311270425e-96 1.313359241862254085e-95 1.000000000000000000e+00 0.000000000000000000e+00 0.000000000000000000e+00 0.000000000000000000e+00 0.000000000000000000e+00
0.000000000000000000e+00 1.000000000000000000e+00 1.313359241862429892e-95 1.096997740500114839e-201 0.000000000000000000e+00 0.000000000000000000e+00 0.000000000000000000e+00 0.000000000000000000e+00
0.000000000000000000e+00 1.000000000000000000e+00 1.313359241862429726e-95 1.513838789072787528e-169 4.396136639565307558e-244 0.000000000000000000e+00 0.000000000000000000e+00 0.000000000000000000e+00
0.000000000000000000e+00 8.787300389941715462e-109 1.757460077988343092e-108 1.000000000000000000e+00 0.000000000000000000e+00 0.000000000000000000e+00 0.000000000000000000e+00 0.000000000000000000e+00
0.000000000000000000e+00 4.294217141562728983e-105 2.122334567185813794e-81 1.000000000000000000e+00 0.000000000000000000e+00 0.000000000000000000e+00 0.000000000000000000e+00 0.000000000000000000e+00
0.000000000000000000e+00 0.000000000000000000e+00 0.000000000000000000e+00 0.000000000000000000e+00 2.552949583783699827e-57 1.498132545683508718e-104 1.000000000000000000e+00 1.009701257617767358e-24
0.000000000000000000e+00 5.000000000000000000e-01 5.000000000000000000e-01 1.062085251605771761e-126 0.000000000000000000e+00 0.000000000000000000e+00 0.000000000000000000e+00 0.000000000000000000e+00
0.000000000000000000e+00 5.000000000000000000e-01 5.000000000000000000e-01 2.234839644122811228e-138 0.000000000000000000e+00 0.000000000000000000e+00 0.000000000000000000e+00 0.000000000000000000e+00
0.000000000000000000e+00 3.718773863373925194e-132 2.010811936641230114e-169 1.000000000000000000e+00 9.415642339486654683e-298 0.000000000000000000e+00 0.000000000000000000e+00 0.000000000000000000e+00
1.000000000000000000e+00 0.000000000000000000e+00 0.000000000000000000e+00 0.000000000000000000e+00 0.000000000000000000e+00 0.000000000000000000e+00 0.000000000000000000e+00 0.000000000000000000e+00
0.000000000000000000e+00 0.000000000000000000e+00 0.000000000000000000e+00 0.000000000000000000e+00 1.000000000000000000e+00 4.715512465205159705e-182 8.198445378038066620e-43 7.486781568710500123e-192
0.000000000000000000e+00 0.000000000000000000e+00 0.000000000000000000e+00 0.000000000000000000e+00 1.698268490941626349e-196 1.000000000000000000e+00 2.010826824832604534e-169 9.109809611937653954e-97
0.000000000000000000e+00 5.326116553069833398e-27 1.000000000000000000e+00 2.330686110608718097e-54 0.000000000000000000e+00 0.000000000000000000e+00 0.000000000000000000e+00 0.000000000000000000e+00
0.000000000000000000e+00 5.326116553069833398e-27 1.000000000000000000e+00 1.362391430669392668e-95 0.000000000000000000e+00 0.000000000000000000e+00 0.000000000000000000e+00 0.000000000000000000e+00
0.000000000000000000e+00 5.326116553069833398e-27 1.000000000000000000e+00 2.227033829297188370e-86 0.000000000000000000e+00 0.000000000000000000e+00 0.000000000000000000e+00 0.000000000000000000e+00
0.000000000000000000e+00 0.000000000000000000e+00 0.000000000000000000e+00 0.000000000000000000e+00 7.885663503019281664e-48 1.336397041621827903e-111 1.000000000000000000e+00 4.657179485505788878e-34
0.000000000000000000e+00 1.517582564960537951e-63 1.000000000000000000e+00 3.599711279212443797e-156 0.000000000000000000e+00 0.000000000000000000e+00 0.000000000000000000e+00 0.000000000000000000e+00
0.000000000000000000e+00 0.000000000000000000e+00 0.000000000000000000e+00 0.000000000000000000e+00 1.000000000000000000e+00 8.535005154958576716e-123 1.002959616505086238e-63 3.566164883782443095e-146
0.000000000000000000e+00 0.000000000000000000e+00 0.000000000000000000e+00 0.000000000000000000e+00 3.033481716981997514e-196 1.015121643817982479e-105 1.002959616505086238e-63 1.000000000000000000e+00
0.000000000000000000e+00 0.000000000000000000e+00 0.000000000000000000e+00 0.000000000000000000e+00 3.260058293832890410e-168 1.000000000000000000e+00 5.146229484554517805e-64 3.833304740615497891e-80
0.000000000000000000e+00 0.000000000000000000e+00 0.000000000000000000e+00 0.000000000000000000e+00 1.022416622650737469e-60 1.066248267751110936e-74 1.000000000000000000e+00 3.754474774519842960e-25
0.000000000000000000e+00 3.754474774519842960e-25 1.000000000000000000e+00 1.699195785975044667e-116 0.000000000000000000e+00 0.000000000000000000e+00 0.000000000000000000e+00 0.000000000000000000e+00
0.000000000000000000e+00 0.000000000000000000e+00 0.000000000000000000e+00 0.000000000000000000e+00 1.466036599701250109e-156 1.340606758567248835e-73 6.644413928121039716e-47 1.000000000000000000e+00
0.000000000000000000e+00 0.000000000000000000e+00 0.000000000000000000e+00 0.000000000000000000e+00 5.457304011266436523e-141 1.000000000000000000e+00 7.574785281138940967e-50 7.964088550973604080e-59
0.000000000000000000e+00 0.000000000000000000e+00 0.000000000000000000e+00 0.000000000000000000e+00 0.000000000000000000e+00 0.000000000000000000e+00 1.000000000000000000e+00 2.282808985455370064e-53
0.000000000000000000e+00 0.000000000000000000e+00 0.000000000000000000e+00 0.000000000000000000e+00 0.000000000000000000e+00 0.000000000000000000e+00 2.282808985455370064e-53 1.000000000000000000e+00
0.000000000000000000e+00 0.000000000000000000e+00 1.974330696912348549e-124 1.000000000000000000e+00 0.000000000000000000e+00 0.000000000000000000e+00 0.000000000000000000e+00 0.000000000000000000e+00
1.000000000000000000e+00 0.000000000000000000e+00 0.000000000000000000e+00 0.000000000000000000e+00 0.000000000000000000e+00 0.000000000000000000e+00 0.000000000000000000e+00 0.000000000000000000e+00
0.000000000000000000e+00 0.000000000000000000e+00 0.000000000000000000e+00 0.000000000000000000e+00 2.221534918765250684e-53 1.785625260916654727e-175 1.000000000000000000e+00 3.101158847790421065e-87
0.000000000000000000e+00 6.541429534378918652e-88 3.101158847790421065e-87 1.000000000000000000e+00 0.000000000000000000e+00 0.000000000000000000e+00 0.000000000000000000e+00 0.000000000000000000e+00
0.000000000000000000e+00 0.000000000000000000e+00 0.000000000000000000e+00 0.000000000000000000e+00 1.000000000000000000e+00 2.235746377324039522e-162 2.221534918765250684e-53 7.317476484181201809e-177
0.000000000000000000e+00 0.000000000000000000e+00 0.000000000000000000e+00 0.000000000000000000e+00 1.395779921279161829e-213 1.000000000000000000e+00 4.121207825726085455e-176 1.933826742374421226e-123
0.000000000000000000e+00 0.000000000000000000e+00 0.000000000000000000e+00 0.000000000000000000e+00 0.000000000000000000e+00 0.000000000000000000e+00 1.291818614270702354e-101 1.000000000000000000e+00
0.000000000000000000e+00 0.000000000000000000e+00 1.000000000000000000e+00 1.292728848980585619e-101 0.000000000000000000e+00 0.000000000000000000e+00 0.000000000000000000e+00 0.000000000000000000e+00
0.000000000000000000e+00 0.000000000000000000e+00 0.000000000000000000e+00 0.000000000000000000e+00 0.000000000000000000e+00 0.000000000000000000e+00 9.102347098833112948e-105 1.000000000000000000e+00
1.000000000000000000e+00 0.000000000000000000e+00 0.000000000000000000e+00 0.000000000000000000e+00 0.000000000000000000e+00 0.000000000000000000e+00 0.000000000000000000e+00 0.000000000000000000e+00
0.000000000000000000e+00 1.000000000000000000e+00 4.608422675065869890e-26 1.112526028350430880e-189 0.000000000000000000e+00 0.000000000000000000e+00 0.000000000000000000e+00 0.000000000000000000e+00
0.000000000000000000e+00 0.000000000000000000e+00 0.000000000000000000e+00 0.000000000000000000e+00 2.164257755080703049e-122 1.905672651276902000e-53 9.191612109759757002e-26 1.000000000000000000e+00
0.000000000000000000e+00 1.000000000000000000e+00 4.608422675065869890e-26 3.182889326218187042e-194 0.000000000000000000e+00 0.000000000000000000e+00 0.000000000000000000e+00 0.000000000000000000e+00
0.000000000000000000e+00 0.000000000000000000e+00 0.000000000000000000e+00 0.000000000000000000e+00 1.980806588826776783e-88 1.000000000000000000e+00 2.030407582468793823e-75 8.870273560477909725e-118
0.000000000000000000e+00 5.000000000000000000e-01 5.000000000000000000e-01 7.361830504104843836e-118 0.000000000000000000e+00 0.000000000000000000e+00 0.000000000000000000e+00 0.000000000000000000e+00
0.000000000000000000e+00 0.000000000000000000e+00 0.000000000000000000e+00 0.000000000000000000e+00 1.000000000000000000e+00 0.000000000000000000e+00 2.923365528323416131e-51 2.755574689576057107e-133
0.000000000000000000e+00 0.000000000000000000e+00 0.000000000000000000e+00 0.000000000000000000e+00 1.520093343092058869e-149 1.000000000000000000e+00 4.080072529500348019e-89 2.571807274999200300e-102
0.000000000000000000e+00 5.000000000000000000e-01 5.000000000000000000e-01 4.475893343402608701e-103 0.000000000000000000e+00 0.000000000000000000e+00 0.000000000000000000e+00 0.000000000000000000e+00
0.000000000000000000e+00 0.000000000000000000e+00 0.000000000000000000e+00 1.000000000000000000e+00 0.000000000000000000e+00 0.000000000000000000e+00 0.000000000000000000e+00 0.000000000000000000e+00
0.000000000000000000e+00 3.927121295327722811e-157 9.407454852725851745e-157 1.000000000000000000e+00 0.000000000000000000e+00 0.000000000000000000e+00 0.000000000000000000e+00 0.000000000000000000e+00
0.000000000000000000e+00 1.509679315582464730e-137 3.616450558920387723e-137 1.000000000000000000e+00 0.000000000000000000e+00 0.000000000000000000e+00 0.000000000000000000e+00 0.000000000000000000e+00
0.000000000000000000e+00 1.509679315582464730e-137 1.000000000000000000e+00 2.106771243337923471e-137 0.000000000000000000e+00 0.000000000000000000e+00 0.000000000000000000e+00 0.000000000000000000e+00
0.000000000000000000e+00 0.000000000000000000e+00 0.000000000000000000e+00 1.577588742503405669e-232 1.000000000000000000e+00 2.347705103843401242e-99 1.096471717660417821e-53 3.629295948963210806e-124
0.000000000000000000e+00 0.000000000000000000e+00 0.000000000000000000e+00 0.000000000000000000e+00 1.000000000000000000e+00 6.224852862509502377e-164 6.463505986639908806e-64 2.194960015905063963e-146
0.000000000000000000e+00 5.831195628240457871e-19 1.000000000000000000e+00 2.770279050429496884e-92 0.000000000000000000e+00 0.000000000000000000e+00 0.000000000000000000e+00 0.000000000000000000e+00
0.000000000000000000e+00 0.000000000000000000e+00 0.000000000000000000e+00 0.000000000000000000e+00 1.096471717725052825e-53 2.002998726976504766e-73 1.000000000000000000e+00 5.831195628240457871e-19
0.000000000000000000e+00 0.000000000000000000e+00 0.000000000000000000e+00 0.000000000000000000e+00 4.387522316948650505e-147 1.220767404446696981e-113 2.603736814038259638e-30 1.000000000000000000e+00
1.000000000000000000e+00 0.000000000000000000e+00 0.000000000000000000e+00 0.000000000000000000e+00 0.000000000000000000e+00 0.000000000000000000e+00 0.000000000000000000e+00 0.000000000000000000e+00
0.000000000000000000e+00 0.000000000000000000e+00 0.000000000000000000e+00 0.000000000000000000e+00 1.000000000000000000e+00 1.112687258554819620e-105 9.180028318483646592e-52 1.624197137547397177e-168
0.000000000000000000e+00 1.000000000000000000e+00 2.603736814038259989e-30 6.435251848117455555e-104 4.360830897766095322e-316 0.000000000000000000e+00 0.000000000000000000e+00 0.000000000000000000e+00
0.000000000000000000e+00 0.000000000000000000e+00 0.000000000000000000e+00 0.000000000000000000e+00 0.000000000000000000e+00 0.000000000000000000e+00 0.000000000000000000e+00 0.000000000000000000e+00
0.000000000000000000e+00 0.000000000000000000e+00 0.000000000000000000e+00 0.000000000000000000e+00 0.000000000000000000e+00 0.000000000000000000e+00 0.000000000000000000e+00 0.000000000000000000e+00
0.000000000000000000e+00 0.000000000000000000e+00 0.000000000000000000e+00 0.000000000000000000e+00 0.000000000000000000e+00 0.000000000000000000e+00 0.000000000000000000e+00 0.000000000000000000e+00
0.000000000000000000e+00 0.000000000000000000e+00 0.000000000000000000e+00 0.000000000000000000e+00 0.000000000000000000e+00 0.000000000000000000e+00 0.000000000000000000e+00 0.000000000000000000e+00
0.000000000000000000e+00 6.399946197331724118e-139 7.472510408402933982e-67 1.000000000000000000e+00 0.000000000000000000e+00 0.000000000000000000e+00 0.000000000000000000e+00 0.000000000000000000e+00
0.000000000000000000e+00 2.463796833404965286e-144 2.876703477520581487e-72 1.000000000000000000e+00 0.000000000000000000e+00 0.000000000000000000e+00 0.000000000000000000e+00 0.000000000000000000e+00
0.000000000000000000e+00 1.000000000000000000e+00 7.472539186198082278e-67 6.399970844515944441e-139 0.000000000000000000e+00 0.000000000000000000e+00 0.000000000000000000e+00 0.000000000000000000e+00
0.000000000000000000e+00 9.215885902445456285e-148 1.076037222897110984e-75 1.000000000000000000e+00 0.000000000000000000e+00 0.000000000000000000e+00 0.000000000000000000e+00 0.000000000000000000e+00
0.000000000000000000e+00 0.000000000000000000e+00 0.000000000000000000e+00 0.000000000000000000e+00 1.000000000000000000e+00 1.013183535201308107e-182 4.484788428353137244e-35 1.197546468247152956e-148
0.000000000000000000e+00 0.000000000000000000e+00 0.000000000000000000e+00 0.000000000000000000e+00 4.484736955408336927e-35 1.029159501338620475e-74 1.000000000000000000e+00 1.199428454686203147e-78
0.000000000000000000e+00 0.000000000000000000e+00 0.000000000000000000e+00 0.000000000000000000e+00 1.165636696848936742e-49 4.527479781304037516e-117 1.000000000000000000e+00 1.678000243079726200e-72
0.000000000000000000e+00 0.000000000000000000e+00 0.000000000000000000e+00 3.654656147818504894e-300 5.147294478842339770e-40 7.165305668722546835e-91 1.000000000000000000e+00 1.667707448638062207e-72
0.000000000000000000e+00 1.000000000000000000e+00 8.754041439179262310e-28 7.419301563994957053e-167 0.000000000000000000e+00 0.000000000000000000e+00 0.000000000000000000e+00 0.000000000000000000e+00
0.000000000000000000e+00 0.000000000000000000e+00 0.000000000000000000e+00 0.000000000000000000e+00 2.930590538483884692e-132 1.931622608430139381e-83 1.750808287835852462e-27 1.000000000000000000e+00
0.000000000000000000e+00 1.000000000000000000e+00 8.754041439179262310e-28 1.521186535897473732e-185 0.000000000000000000e+00 0.000000000000000000e+00 0.000000000000000000e+00 0.000000000000000000e+00
0.000000000000000000e+00 1.736365670527039236e-97 3.472731341054078472e-97 1.000000000000000000e+00 0.000000000000000000e+00 0.000000000000000000e+00 0.000000000000000000e+00 0.000000000000000000e+00
0.000000000000000000e+00 0.000000000000000000e+00 0.000000000000000000e+00 0.000000000000000000e+00 3.497263079452855536e-119 7.922925760166493765e-182 1.000000000000000000e+00 6.024936542955736086e-47
0.000000000000000000e+00 0.000000000000000000e+00 0.000000000000000000e+00 0.000000000000000000e+00 2.273501297225075174e-177 1.040424924522796805e-127 2.980166567783676123e-62 1.000000000000000000e+00
0.000000000000000000e+00 0.000000000000000000e+00 0.000000000000000000e+00 0.000000000000000000e+00 4.387313056875446452e-164 2.489945610740353414e-172 6.024936542955733169e-47 1.000000000000000000e+00
1.000000000000000000e+00 0.000000000000000000e+00 0.000000000000000000e+00 0.000000000000000000e+00 0.000000000000000000e+00 0.000000000000000000e+00 0.000000000000000000e+00 0.000000000000000000e+00
0.000000000000000000e+00 3.333333333333333148e-01 6.666666666666666297e-01 4.228346778079900569e-91 0.000000000000000000e+00 0.000000000000000000e+00 0.000000000000000000e+00 0.000000000000000000e+00
0.000000000000000000e+00 3.333333333333333148e-01 6.666666666666666297e-01 6.253618989699196278e-93 0.000000000000000000e+00 0.000000000000000000e+00 0.000000000000000000e+00 0.000000000000000000e+00
1.000000000000000000e+00 0.000000000000000000e+00 0.000000000000000000e+00 0.000000000000000000e+00 0.000000000000000000e+00 0.000000000000000000e+00 0.000000000000000000e+00 0.000000000000000000e+00
0.000000000000000000e+00 0.000000000000000000e+00 0.000000000000000000e+00 0.000000000000000000e+00 7.967511843245546482e-110 3.276814008694699500e-55 1.000000000000000000e+00 3.036731123394748225e-35
0.000000000000000000e+00 1.958063461014289487e-44 1.000000000000000000e+00 2.285615272493142164e-146 0.000000000000000000e+00 0.000000000000000000e+00 0.000000000000000000e+00 0.000000000000000000e+00
0.000000000000000000e+00 0.000000000000000000e+00 0.000000000000000000e+00 0.000000000000000000e+00 6.200784806962427790e-148 2.162148294197125508e-112 1.955521910648061576e-44 1.000000000000000000e+00
0.000000000000000000e+00 0.000000000000000000e+00 0.000000000000000000e+00 0.000000000000000000e+00 1.000000000000000000e+00 2.541550366227892170e-47 3.902381469139621353e-50 5.758886759340087071e-196
0.000000000000000000e+00 0.000000000000000000e+00 0.000000000000000000e+00 0.000000000000000000e+00 1.000000000000000000e+00 6.715664188280280907e-116 1.955518008266592419e-44 1.432407077026085776e-186
0.000000000000000000e+00 6.918435756651006708e-130 2.957968368419492192e-107 1.000000000000000000e+00 0.000000000000000000e+00 0.000000000000000000e+00 0.000000000000000000e+00 0.000000000000000000e+00
0.000000000000000000e+00 0.000000000000000000e+00 0.000000000000000000e+00 0.000000000000000000e+00 1.000000000000000000e+00 7.550483625340835736e-175 6.924786759251634370e-130 6.628565452339002045e-305
0.000000000000000000e+00 0.000000000000000000e+00 0.000000000000000000e+00 0.000000000000000000e+00 7.268195275158378957e-116 1.000000000000000000e+00 8.572556737933999629e-187 1.334981608646039431e-209
0.000000000000000000e+00 1.000000000000000000e+00 1.168822037681240129e-104 1.145355163514650778e-232 0.000000000000000000e+00 0.000000000000000000e+00 0.000000000000000000e+00 0.000000000000000000e+00
