0.000000000000000000e+00 1.417194742519748933e-67 1.417194742519748933e-67 1.000000000000000000e+00 0.000000000000000000e+00 0.000000000000000000e+00 0.000000000000000000e+00 0.000000000000000000e+00
0.000000000000000000e+00 0.000000000000000000e+00 0.000000000000000000e+00 0.000000000000000000e+00 1.000000000000000000e+00 4.410446372715058885e-71 4.749747334399780901e-28 1.891685025158033116e-109
0.000000000000000000e+00 0.000000000000000000e+00 0.000000000000000000e+00 0.000000000000000000e+00 1.000000000000000000e+00 3.547390382605000087e-76 2.850162819595901224e-30 4.725079152227898339e-112
0.000000000000000000e+00 1.182587707323411677e-54 1.182587707323411677e-54 1.000000000000000000e+00 0.000000000000000000e+00 0.000000000000000000e+00 0.000000000000000000e+00 0.000000000000000000e+00
0.000000000000000000e+00 5.000000000000000000e-01 5.000000000000000000e-01 6.203479848918577009e-80 2.465532500791809662e-184 0.000000000000000000e+00 0.000000000000000000e+00 0.000000000000000000e+00
0.000000000000000000e+00 7.637822659657977106e-112 7.637822659657977106e-112 1.000000000000000000e+00 4.184430335536093755e-146 0.000000000000000000e+00 0.000000000000000000e+00 0.000000000000000000e+00
1.000000000000000000e+00 0.000000000000000000e+00 0.000000000000000000e+00 0.000000000000000000e+00 0.000000000000000000e+00 0.000000000000000000e+00 0.000000000000000000e+00 0.000000000000000000e+00
0.000000000000000000e+00 0.000000000000000000e+00 0.000000000000000000e+00 0.000000000000000000e+00 2.105383700717478418e-87 1.000000000000000000e+00 3.556836305787076270e-69 2.435224682980944750e-104
0.000000000000000000e+00 5.000000000000000000e-01 5.000000000000000000e-01 1.731175304701351439e-101 0.000000000000000000e+00 0.000000000000000000e+00 0.000000000000000000e+00 0.000000000000000000e+00
0.000000000000000000e+00 0.000000000000000000e+00 0.000000000000000000e+00 0.000000000000000000e+00 1.000000000000000000e+00 2.733795585801829880e-153 4.596777830345752525e-27 2.991851168358654667e-103
0.000000000000000000e+00 0.000000000000000000e+00 0.000000000000000000e+00 0.000000000000000000e+00 1.000000000000000000e+00 0.000000000000000000e+00 1.545837053873400961e-34 7.622509210278967560e-123
0.000000000000000000e+00 0.000000000000000000e+00 0.000000000000000000e+00 0.000000000000000000e+00 1.401069403975093615e-113 8.635898584706887223e-148 2.566493607427737199e-33 1.000000000000000000e+00
0.000000000000000000e+00 0.000000000000000000e+00 0.000000000000000000e+00 0.000000000000000000e+00 3.851667465359336773e-110 1.000000000000000000e+00 1.171048655977847640e-79 3.280281437002955578e-103
0.000000000000000000e+00 0.000000000000000000e+00 0.000000000000000000e+00 0.000000000000000000e+00 6.716710763638377938e-107 3.628723588375708705e-60 3.932336710516304386e-28 1.000000000000000000e+00
0.000000000000000000e+00 0.000000000000000000e+00 0.000000000000000000e+00 0.000000000000000000e+00 2.132897797776136415e-110 1.503381105206763708e-65 6.880480122358916431e-29 1.000000000000000000e+00
1.000000000000000000e+00 0.000000000000000000e+00 0.000000000000000000e+00 0.000000000000000000e+00 0.000000000000000000e+00 0.000000000000000000e+00 0.000000000000000000e+00 0.000000000000000000e+00
0.000000000000000000e+00 0.000000000000000000e+00 0.000000000000000000e+00 0.000000000000000000e+00 1.043418684018314039e-21 1.535505776418532454e-95 1.000000000000000000e+00 4.217503263478097707e-34
0.000000000000000000e+00 0.000000000000000000e+00 0.000000000000000000e+00 0.000000000000000000e+00 3.300691157542644851e-110 1.000000000000000000e+00 1.825455507591030713e-68 5.352923404872403145e-79
0.000000000000000000e+00 5.000000000000000000e-01 5.000000000000000000e-01 5.746038730134264078e-66 0.000000000000000000e+00 0.000000000000000000e+00 0.000000000000000000e+00 0.000000000000000000e+00
0.000000000000000000e+00 5.000000000000000000e-01 5.000000000000000000e-01 8.787637517031360982e-105 0.000000000000000000e+00 0.000000000000000000e+00 0.000000000000000000e+00 0.000000000000000000e+00
0.000000000000000000e+00 0.000000000000000000e+00 0.000000000000000000e+00 0.000000000000000000e+00 1.186818775173406585e-36 3.816527661000892256e-51 1.000000000000000000e+00 4.841087465894852091e-19
0.000000000000000000e+00 0.000000000000000000e+00 0.000000000000000000e+00 0.000000000000000000e+00 1.000000000000000000e+00 4.310321553040361079e-92 1.215729135674929789e-28 1.260395477762741362e-113
0.000000000000000000e+00 5.000000000000000000e-01 5.000000000000000000e-01 1.032729063635196068e-123 0.000000000000000000e+00 0.000000000000000000e+00 0.000000000000000000e+00 0.000000000000000000e+00
0.000000000000000000e+00 5.000000000000000000e-01 5.000000000000000000e-01 1.805808657669659407e-62 0.000000000000000000e+00 0.000000000000000000e+00 0.000000000000000000e+00 0.000000000000000000e+00
0.000000000000000000e+00 5.000000000000000000e-01 5.000000000000000000e-01 1.080274875782364344e-53 0.000000000000000000e+00 0.000000000000000000e+00 0.000000000000000000e+00 0.000000000000000000e+00
0.000000000000000000e+00 0.000000000000000000e+00 0.000000000000000000e+00 0.000000000000000000e+00 1.957861821938814378e-115 1.879108218490067253e-98 7.051361609536289740e-32 1.000000000000000000e+00
0.000000000000000000e+00 5.000000000000000000e-01 5.000000000000000000e-01 5.449754943875094589e-71 0.000000000000000000e+00 0.000000000000000000e+00 0.000000000000000000e+00 0.000000000000000000e+00
0.000000000000000000e+00 5.000000000000000000e-01 5.000000000000000000e-01 4.854030255595799189e-70 0.000000000000000000e+00 0.000000000000000000e+00 0.000000000000000000e+00 0.000000000000000000e+00
1.000000000000000000e+00 0.000000000000000000e+00 0.000000000000000000e+00 0.000000000000000000e+00 0.000000000000000000e+00 0.000000000000000000e+00 0.000000000000000000e+00 0.000000000000000000e+00
0.000000000000000000e+00 1.360437540954630180e-113 1.360437540954630180e-113 1.000000000000000000e+00 9.993393594357840282e-203 0.000000000000000000e+00 0.000000000000000000e+00 0.000000000000000000e+00
0.000000000000000000e+00 0.000000000000000000e+00 0.000000000000000000e+00 0.000000000000000000e+00 1.897133338932567199e-112 6.825144052183326970e-119 1.722481759730973159e-30 1.000000000000000000e+00
0.000000000000000000e+00 0.000000000000000000e+00 0.000000000000000000e+00 0.000000000000000000e+00 1.180353911984169793e-34 1.692784579122192471e-116 1.000000000000000000e+00 1.588310157628578193e-20
0.000000000000000000e+00 5.000000000000000000e-01 5.000000000000000000e-01 0.000000000000000000e+00 0.000000000000000000e+00 0.000000000000000000e+00 0.000000000000000000e+00 0.000000000000000000e+00
0.000000000000000000e+00 5.000000000000000000e-01 5.000000000000000000e-01 2.140272706998761126e-95 0.000000000000000000e+00 0.000000000000000000e+00 0.000000000000000000e+00 0.000000000000000000e+00
0.000000000000000000e+00 0.000000000000000000e+00 0.000000000000000000e+00 0.000000000000000000e+00 6.580087469599450729e-89 1.000000000000000000e+00 1.453962177207434722e-62 6.326022741437519964e-95
0.000000000000000000e+00 5.000000000000000000e-01 5.000000000000000000e-01 9.488277116368742359e-59 0.000000000000000000e+00 0.000000000000000000e+00 0.000000000000000000e+00 0.000000000000000000e+00
1.000000000000000000e+00 0.000000000000000000e+00 0.000000000000000000e+00 0.000000000000000000e+00 0.000000000000000000e+00 0.000000000000000000e+00 0.000000000000000000e+00 0.000000000000000000e+00
0.000000000000000000e+00 0.000000000000000000e+00 0.000000000000000000e+00 0.000000000000000000e+00 4.910865601290658207e-96 7.901932174599404254e-127 2.651676047999617632e-22 1.000000000000000000e+00
1.000000000000000000e+00 0.000000000000000000e+00 0.000000000000000000e+00 0.000000000000000000e+00 0.000000000000000000e+00 0.000000000000000000e+00 0.000000000000000000e+00 0.000000000000000000e+00
0.000000000000000000e+00 0.000000000000000000e+00 0.000000000000000000e+00 0.000000000000000000e+00 7.951611862493295427e-99 1.523213426165413276e-50 2.307937344701753625e-22 1.000000000000000000e+00
0.000000000000000000e+00 0.000000000000000000e+00 0.000000000000000000e+00 0.000000000000000000e+00 1.000000000000000000e+00 7.782179554481510554e-164 2.829941083825599736e-31 1.148718044411458021e-117
0.000000000000000000e+00 0.000000000000000000e+00 0.000000000000000000e+00 4.926124381427570204e-132 1.000000000000000000e+00 5.586819629945193117e-71 8.724781044212164361e-26 1.365608724839942044e-103
0.000000000000000000e+00 0.000000000000000000e+00 0.000000000000000000e+00 0.000000000000000000e+00 6.079361235481309870e-136 1.000000000000000000e+00 1.544463988542138796e-71 1.852180228282013808e-62
0.000000000000000000e+00 5.000000000000000000e-01 5.000000000000000000e-01 0.000000000000000000e+00 0.000000000000000000e+00 0.000000000000000000e+00 0.000000000000000000e+00 0.000000000000000000e+00
0.000000000000000000e+00 0.000000000000000000e+00 0.000000000000000000e+00 0.000000000000000000e+00 1.105672619135471460e-31 2.105422188119826984e-71 1.000000000000000000e+00 7.810927635867003927e-20
0.000000000000000000e+00 0.000000000000000000e+00 0.000000000000000000e+00 0.000000000000000000e+00 1.000000000000000000e+00 1.360426716570527103e-188 4.849458520337733455e-26 7.217301220425880400e-103
0.000000000000000000e+00 0.000000000000000000e+00 0.000000000000000000e+00 0.000000000000000000e+00 1.000000000000000000e+00 1.212575920004047251e-111 1.037618368988870314e-25 9.262366922046854582e-106
0.000000000000000000e+00 0.000000000000000000e+00 0.000000000000000000e+00 0.000000000000000000e+00 3.357099763186644923e-33 1.607454409887020004e-108 1.000000000000000000e+00 9.588463141868974918e-22
0.000000000000000000e+00 5.000000000000000000e-01 5.000000000000000000e-01 4.455627198870496884e-82 0.000000000000000000e+00 0.000000000000000000e+00 0.000000000000000000e+00 0.000000000000000000e+00
0.000000000000000000e+00 0.000000000000000000e+00 0.000000000000000000e+00 0.000000000000000000e+00 1.611979279187433158e-117 1.000000000000000000e+00 2.676095406555087197e-66 1.605624516931858849e-68
0.000000000000000000e+00 0.000000000000000000e+00 0.000000000000000000e+00 0.000000000000000000e+00 6.154366988938194117e-86 1.419712035088449630e-73 7.453721323103770979e-16 9.999999999999992228e-01
0.000000000000000000e+00 5.000000000000000000e-01 5.000000000000000000e-01 6.421441326619629727e-76 0.000000000000000000e+00 0.000000000000000000e+00 0.000000000000000000e+00 0.000000000000000000e+00
0.000000000000000000e+00 0.000000000000000000e+00 0.000000000000000000e+00 0.000000000000000000e+00 1.001359594341455235e-101 2.398505145943506434e-110 2.304562377277300245e-23 1.000000000000000000e+00
0.000000000000000000e+00 0.000000000000000000e+00 0.000000000000000000e+00 0.000000000000000000e+00 1.026054211542581793e-26 9.733015688076042405e-70 1.000000000000000000e+00 2.984548649024847812e-26
1.000000000000000000e+00 0.000000000000000000e+00 0.000000000000000000e+00 0.000000000000000000e+00 0.000000000000000000e+00 0.000000000000000000e+00 0.000000000000000000e+00 0.000000000000000000e+00
0.000000000000000000e+00 0.000000000000000000e+00 0.000000000000000000e+00 0.000000000000000000e+00 1.000000000000000000e+00 3.867243482638743400e-152 3.428889001492521270e-25 1.565136555559892639e-104
1.000000000000000000e+00 0.000000000000000000e+00 0.000000000000000000e+00 0.000000000000000000e+00 0.000000000000000000e+00 0.000000000000000000e+00 0.000000000000000000e+00 0.000000000000000000e+00
0.000000000000000000e+00 0.000000000000000000e+00 0.000000000000000000e+00 0.000000000000000000e+00 1.805245637424048323e-96 1.000000000000000000e+00 4.282901892453612419e-77 3.547812284939000353e-112
0.000000000000000000e+00 5.000000000000000000e-01 5.000000000000000000e-01 7.431946016492443315e-164 0.000000000000000000e+00 0.000000000000000000e+00 0.000000000000000000e+00 0.000000000000000000e+00
0.000000000000000000e+00 0.000000000000000000e+00 0.000000000000000000e+00 0.000000000000000000e+00 2.411540194787321511e-21 2.906436966043920220e-58 1.000000000000000000e+00 4.395082319152484422e-33
0.000000000000000000e+00 0.000000000000000000e+00 0.000000000000000000e+00 0.000000000000000000e+00 3.178573650177521549e-80 1.000000000000000000e+00 1.848054638111029968e-48 1.857116551245865014e-69
0.000000000000000000e+00 0.000000000000000000e+00 0.000000000000000000e+00 4.907457604776265292e-191 1.000000000000000000e+00 2.545591039603479951e-157 4.784751739051557164e-29 3.462942275238622605e-112
0.000000000000000000e+00 5.000000000000000000e-01 5.000000000000000000e-01 0.000000000000000000e+00 0.000000000000000000e+00 0.000000000000000000e+00 0.000000000000000000e+00 0.000000000000000000e+00
0.000000000000000000e+00 0.000000000000000000e+00 0.000000000000000000e+00 0.000000000000000000e+00 4.057670125754853416e-101 1.000000000000000000e+00 1.430649798574895708e-58 2.337445597807803151e-68
0.000000000000000000e+00 0.000000000000000000e+00 0.000000000000000000e+00 0.000000000000000000e+00 7.735892818747240098e-84 1.000000000000000000e+00 3.353684021312934797e-55 3.047880376501492506e-85
0.000000000000000000e+00 0.000000000000000000e+00 0.000000000000000000e+00 0.000000000000000000e+00 1.000000000000000000e+00 1.622075301625655778e-86 2.244888243890825270e-18 7.972166928913572635e-93
0.000000000000000000e+00 0.000000000000000000e+00 0.000000000000000000e+00 0.000000000000000000e+00 2.259000565446266372e-29 3.089137751735157240e-62 1.000000000000000000e+00 3.753631133222577097e-27
0.000000000000000000e+00 0.000000000000000000e+00 0.000000000000000000e+00 0.000000000000000000e+00 3.340205177373157061e-123 1.524180386294614052e-106 1.206037510494242274e-35 1.000000000000000000e+00
0.000000000000000000e+00 0.000000000000000000e+00 0.000000000000000000e+00 0.000000000000000000e+00 1.046954637008481231e-23 4.371339616260350246e-104 1.000000000000000000e+00 1.084845419965335391e-30
0.000000000000000000e+00 0.000000000000000000e+00 0.000000000000000000e+00 0.000000000000000000e+00 6.312689619493512345e-94 1.699077664391179487e-78 2.981346133266475927e-21 1.000000000000000000e+00
0.000000000000000000e+00 0.000000000000000000e+00 0.000000000000000000e+00 0.000000000000000000e+00 1.000000000000000000e+00 0.000000000000000000e+00 1.598797263458174847e-33 1.012326745279416289e-118
0.000000000000000000e+00 0.000000000000000000e+00 0.000000000000000000e+00 0.000000000000000000e+00 2.735420023096556889e-98 1.000000000000000000e+00 2.764316629715996887e-58 3.557964120373741054e-71
0.000000000000000000e+00 5.000000000000000000e-01 5.000000000000000000e-01 9.946290881104955365e-71 0.000000000000000000e+00 0.000000000000000000e+00 0.000000000000000000e+00 0.000000000000000000e+00
0.000000000000000000e+00 0.000000000000000000e+00 0.000000000000000000e+00 0.000000000000000000e+00 7.733200452442163332e-97 3.568043907445884477e-47 2.186850896151852053e-21 1.000000000000000000e+00
0.000000000000000000e+00 0.000000000000000000e+00 0.000000000000000000e+00 0.000000000000000000e+00 0.000000000000000000e+00 1.000000000000000000e+00 7.585061873365409608e-90 1.131409841989458532e-87
1.000000000000000000e+00 0.000000000000000000e+00 0.000000000000000000e+00 0.000000000000000000e+00 0.000000000000000000e+00 0.000000000000000000e+00 0.000000000000000000e+00 0.000000000000000000e+00
0.000000000000000000e+00 0.000000000000000000e+00 0.000000000000000000e+00 0.000000000000000000e+00 1.442665858512703111e-96 2.094262290710717764e-54 1.633634551722276591e-20 1.000000000000000000e+00
1.000000000000000000e+00 0.000000000000000000e+00 0.000000000000000000e+00 0.000000000000000000e+00 0.000000000000000000e+00 0.000000000000000000e+00 0.000000000000000000e+00 0.000000000000000000e+00
0.000000000000000000e+00 5.000000000000000000e-01 5.000000000000000000e-01 1.706187184479137054e-76 0.000000000000000000e+00 0.000000000000000000e+00 0.000000000000000000e+00 0.000000000000000000e+00
0.000000000000000000e+00 5.000000000000000000e-01 5.000000000000000000e-01 1.493276227663451063e-53 0.000000000000000000e+00 0.000000000000000000e+00 0.000000000000000000e+00 0.000000000000000000e+00
1.000000000000000000e+00 0.000000000000000000e+00 0.000000000000000000e+00 0.000000000000000000e+00 0.000000000000000000e+00 0.000000000000000000e+00 0.000000000000000000e+00 0.000000000000000000e+00
0.000000000000000000e+00 0.000000000000000000e+00 0.000000000000000000e+00 0.000000000000000000e+00 3.962312939150035942e-111 1.000000000000000000e+00 1.566703419694046744e-76 1.986116582998582560e-100
0.000000000000000000e+00 0.000000000000000000e+00 0.000000000000000000e+00 0.000000000000000000e+00 2.306462426643295054e-104 1.000000000000000000e+00 6.533934082683270014e-95 9.176066824661709954e-136
0.000000000000000000e+00 5.000000000000000000e-01 5.000000000000000000e-01 1.434078634626287454e-58 0.000000000000000000e+00 0.000000000000000000e+00 0.000000000000000000e+00 0.000000000000000000e+00
0.000000000000000000e+00 0.000000000000000000e+00 0.000000000000000000e+00 0.000000000000000000e+00 2.941838360770832528e-21 1.941409189862135775e-82 1.000000000000000000e+00 6.114504112381457895e-30
0.000000000000000000e+00 5.000000000000000000e-01 5.000000000000000000e-01 2.628843217105535353e-108 0.000000000000000000e+00 0.000000000000000000e+00 0.000000000000000000e+00 0.000000000000000000e+00
0.000000000000000000e+00 5.000000000000000000e-01 5.000000000000000000e-01 5.309767969611001725e-87 0.000000000000000000e+00 0.000000000000000000e+00 0.000000000000000000e+00 0.000000000000000000e+00
0.000000000000000000e+00 5.000000000000000000e-01 5.000000000000000000e-01 3.150766822132149666e-136 0.000000000000000000e+00 0.000000000000000000e+00 0.000000000000000000e+00 0.000000000000000000e+00
0.000000000000000000e+00 0.000000000000000000e+00 0.000000000000000000e+00 0.000000000000000000e+00 2.176402847071776954e-146 1.000000000000000000e+00 1.441478313164200376e-75 5.547155748063748349e-59
0.000000000000000000e+00 0.000000000000000000e+00 0.000000000000000000e+00 0.000000000000000000e+00 1.000000000000000000e+00 2.709990131923463272e-98 9.100886840213741042e-28 7.402551979577227490e-111
0.000000000000000000e+00 0.000000000000000000e+00 0.000000000000000000e+00 0.000000000000000000e+00 1.000000000000000000e+00 1.154738459724321033e-71 3.420377964240302437e-26 1.139709769400296272e-106
0.000000000000000000e+00 0.000000000000000000e+00 0.000000000000000000e+00 0.000000000000000000e+00 3.147818734841131318e-29 1.856114838300674747e-94 1.000000000000000000e+00 1.205187891204547506e-23
0.000000000000000000e+00 2.030571513673595169e-48 2.030571513673595169e-48 1.000000000000000000e+00 0.000000000000000000e+00 0.000000000000000000e+00 0.000000000000000000e+00 0.000000000000000000e+00
0.000000000000000000e+00 0.000000000000000000e+00 0.000000000000000000e+00 0.000000000000000000e+00 7.070034908312578530e-25 5.333953224462567364e-91 1.000000000000000000e+00 6.112130413250828182e-28
0.000000000000000000e+00 5.000000000000000000e-01 5.000000000000000000e-01 1.291507531704487606e-94 0.000000000000000000e+00 0.000000000000000000e+00 0.000000000000000000e+00 0.000000000000000000e+00
0.000000000000000000e+00 0.000000000000000000e+00 0.000000000000000000e+00 0.000000000000000000e+00 1.000000000000000000e+00 1.568148472297499675e-53 1.488532843592609937e-19 1.896966382480715004e-92
0.000000000000000000e+00 0.000000000000000000e+00 0.000000000000000000e+00 0.000000000000000000e+00 1.744311945772873875e-20 1.161821586179815120e-73 1.000000000000000000e+00 2.328334605520165274e-33
1.000000000000000000e+00 0.000000000000000000e+00 0.000000000000000000e+00 0.000000000000000000e+00 0.000000000000000000e+00 0.000000000000000000e+00 0.000000000000000000e+00 0.000000000000000000e+00
0.000000000000000000e+00 5.000000000000000000e-01 5.000000000000000000e-01 5.975400101206605779e-81 0.000000000000000000e+00 0.000000000000000000e+00 0.000000000000000000e+00 0.000000000000000000e+00
1.000000000000000000e+00 0.000000000000000000e+00 0.000000000000000000e+00 0.000000000000000000e+00 0.000000000000000000e+00 0.000000000000000000e+00 0.000000000000000000e+00 0.000000000000000000e+00
1.000000000000000000e+00 0.000000000000000000e+00 0.000000000000000000e+00 0.000000000000000000e+00 0.000000000000000000e+00 0.000000000000000000e+00 0.000000000000000000e+00 0.000000000000000000e+00
0.000000000000000000e+00 0.000000000000000000e+00 0.000000000000000000e+00 0.000000000000000000e+00 4.196176134196890253e-108 0.000000000000000000e+00 2.100248559852669346e-27 1.000000000000000000e+00
1.000000000000000000e+00 0.000000000000000000e+00 0.000000000000000000e+00 0.000000000000000000e+00 0.000000000000000000e+00 0.000000000000000000e+00 0.000000000000000000e+00 0.000000000000000000e+00
0.000000000000000000e+00 8.900881597412925098e-70 8.900881597412925098e-70 1.000000000000000000e+00 0.000000000000000000e+00 0.000000000000000000e+00 0.000000000000000000e+00 0.000000000000000000e+00
0.000000000000000000e+00 5.000000000000000000e-01 5.000000000000000000e-01 3.313478999809771663e-85 0.000000000000000000e+00 0.000000000000000000e+00 0.000000000000000000e+00 0.000000000000000000e+00
0.000000000000000000e+00 0.000000000000000000e+00 0.000000000000000000e+00 0.000000000000000000e+00 1.513598011719406143e-115 1.000000000000000000e+00 2.311115360081780167e-50 1.422462761478807138e-38
0.000000000000000000e+00 5.000000000000000000e-01 5.000000000000000000e-01 1.270590908016162484e-42 0.000000000000000000e+00 0.000000000000000000e+00 0.000000000000000000e+00 0.000000000000000000e+00
1.000000000000000000e+00 0.000000000000000000e+00 0.000000000000000000e+00 0.000000000000000000e+00 0.000000000000000000e+00 0.000000000000000000e+00 0.000000000000000000e+00 0.000000000000000000e+00
0.000000000000000000e+00 0.000000000000000000e+00 0.000000000000000000e+00 0.000000000000000000e+00 2.222815961373468116e-21 3.003065234832142522e-93 1.000000000000000000e+00 1.021313118754272506e-31
0.000000000000000000e+00 5.000000000000000000e-01 5.000000000000000000e-01 1.646743308184155950e-28 0.000000000000000000e+00 0.000000000000000000e+00 0.000000000000000000e+00 0.000000000000000000e+00
0.000000000000000000e+00 5.000000000000000000e-01 5.000000000000000000e-01 1.650306909015027368e-38 0.000000000000000000e+00 0.000000000000000000e+00 0.000000000000000000e+00 0.000000000000000000e+00
0.000000000000000000e+00 5.000000000000000000e-01 5.000000000000000000e-01 1.327601167386264997e-60 0.000000000000000000e+00 0.000000000000000000e+00 0.000000000000000000e+00 0.000000000000000000e+00
0.000000000000000000e+00 7.522119013475997993e-102 7.522119013475997993e-102 1.000000000000000000e+00 0.000000000000000000e+00 0.000000000000000000e+00 0.000000000000000000e+00 0.000000000000000000e+00
0.000000000000000000e+00 5.000000000000000000e-01 5.000000000000000000e-01 4.632819091611285944e-111 0.000000000000000000e+00 0.000000000000000000e+00 0.000000000000000000e+00 0.000000000000000000e+00
0.000000000000000000e+00 0.000000000000000000e+00 0.000000000000000000e+00 0.000000000000000000e+00 1.041754784147869210e-27 2.895419796911239922e-100 1.000000000000000000e+00 7.644057501206148964e-31
0.000000000000000000e+00 5.000000000000000000e-01 5.000000000000000000e-01 9.544588413797326562e-48 0.000000000000000000e+00 0.000000000000000000e+00 0.000000000000000000e+00 0.000000000000000000e+00
0.000000000000000000e+00 0.000000000000000000e+00 0.000000000000000000e+00 0.000000000000000000e+00 2.174181231691842997e-26 3.549337290276266837e-96 1.000000000000000000e+00 8.466314488660967209e-25
0.000000000000000000e+00 5.000000000000000000e-01 5.000000000000000000e-01 2.441448245214224205e-77 0.000000000000000000e+00 0.000000000000000000e+00 0.000000000000000000e+00 0.000000000000000000e+00
0.000000000000000000e+00 0.000000000000000000e+00 0.000000000000000000e+00 0.000000000000000000e+00 3.098700865311906164e-116 1.126959420072975753e-74 2.150240746815244150e-32 1.000000000000000000e+00
0.000000000000000000e+00 1.472405654449596638e-120 1.472405654449596638e-120 1.000000000000000000e+00 2.249185578233191840e-239 0.000000000000000000e+00 0.000000000000000000e+00 0.000000000000000000e+00
0.000000000000000000e+00 0.000000000000000000e+00 0.000000000000000000e+00 0.000000000000000000e+00 1.000000000000000000e+00 4.884539685492090324e-128 1.176890684434841143e-26 1.086730143457910496e-110
0.000000000000000000e+00 0.000000000000000000e+00 0.000000000000000000e+00 0.000000000000000000e+00 1.000000000000000000e+00 9.892851400379521465e-70 2.973182076936247949e-37 4.377249109480052279e-120
0.000000000000000000e+00 0.000000000000000000e+00 0.000000000000000000e+00 0.000000000000000000e+00 1.754711032896973626e-110 8.665183670632044819e-51 3.024722293146398397e-28 1.000000000000000000e+00
0.000000000000000000e+00 0.000000000000000000e+00 0.000000000000000000e+00 0.000000000000000000e+00 6.935738658609018490e-99 1.578235735996707569e-121 3.893778524694096515e-24 1.000000000000000000e+00
1.000000000000000000e+00 0.000000000000000000e+00 0.000000000000000000e+00 0.000000000000000000e+00 0.000000000000000000e+00 0.000000000000000000e+00 0.000000000000000000e+00 0.000000000000000000e+00
1.000000000000000000e+00 0.000000000000000000e+00 0.000000000000000000e+00 0.000000000000000000e+00 0.000000000000000000e+00 0.000000000000000000e+00 0.000000000000000000e+00 0.000000000000000000e+00
0.000000000000000000e+00 5.000000000000000000e-01 5.000000000000000000e-01 8.742739772113449416e-88 0.000000000000000000e+00 0.000000000000000000e+00 0.000000000000000000e+00 0.000000000000000000e+00
0.000000000000000000e+00 1.956500380440332876e-107 1.956500380440332876e-107 1.000000000000000000e+00 0.000000000000000000e+00 0.000000000000000000e+00 0.000000000000000000e+00 0.000000000000000000e+00
0.000000000000000000e+00 0.000000000000000000e+00 0.000000000000000000e+00 0.000000000000000000e+00 1.600402074212258710e-64 1.000000000000000000e+00 5.171979061284502893e-38 2.228037646713177454e-63
0.000000000000000000e+00 0.000000000000000000e+00 0.000000000000000000e+00 0.000000000000000000e+00 1.864999020748389305e-26 2.808530438850442084e-84 1.000000000000000000e+00 1.294710849446085011e-26
0.000000000000000000e+00 0.000000000000000000e+00 0.000000000000000000e+00 0.000000000000000000e+00 1.000000000000000000e+00 3.098836472574997544e-127 6.630427951289451502e-27 8.120656178992993606e-120
0.000000000000000000e+00 0.000000000000000000e+00 0.000000000000000000e+00 0.000000000000000000e+00 2.554276708049153866e-110 1.000000000000000000e+00 7.635451546523291535e-44 2.033781911635533276e-32
0.000000000000000000e+00 0.000000000000000000e+00 0.000000000000000000e+00 0.000000000000000000e+00 1.563221496625518819e-99 1.018929340557856544e-96 1.953387103625092954e-24 1.000000000000000000e+00
0.000000000000000000e+00 0.000000000000000000e+00 0.000000000000000000e+00 0.000000000000000000e+00 3.535381504128828086e-23 6.037998501074584504e-67 1.000000000000000000e+00 1.244494212478925409e-31
0.000000000000000000e+00 5.971841217312928892e-75 5.971841217312928892e-75 1.000000000000000000e+00 0.000000000000000000e+00 0.000000000000000000e+00 0.000000000000000000e+00 0.000000000000000000e+00
0.000000000000000000e+00 0.000000000000000000e+00 0.000000000000000000e+00 0.000000000000000000e+00 6.326108990591106767e-30 1.130563480772777602e-39 1.000000000000000000e+00 2.019388823268106582e-25
0.000000000000000000e+00 5.000000000000000000e-01 5.000000000000000000e-01 1.815173498796651017e-82 0.000000000000000000e+00 0.000000000000000000e+00 0.000000000000000000e+00 0.000000000000000000e+00
0.000000000000000000e+00 0.000000000000000000e+00 0.000000000000000000e+00 0.000000000000000000e+00 8.479518757548709340e-122 2.160910345623799397e-29 7.232874034470605089e-36 1.000000000000000000e+00
0.000000000000000000e+00 0.000000000000000000e+00 0.000000000000000000e+00 0.000000000000000000e+00 1.591778330096124030e-29 1.585657864693095707e-63 1.000000000000000000e+00 1.751932312773064907e-23
1.000000000000000000e+00 0.000000000000000000e+00 0.000000000000000000e+00 0.000000000000000000e+00 0.000000000000000000e+00 0.000000000000000000e+00 0.000000000000000000e+00 0.000000000000000000e+00
0.000000000000000000e+00 0.000000000000000000e+00 0.000000000000000000e+00 0.000000000000000000e+00 7.113759485111188142e-104 2.343521414465268841e-94 6.786467834691424482e-26 1.000000000000000000e+00
0.000000000000000000e+00 0.000000000000000000e+00 0.000000000000000000e+00 8.051211756882453167e-172 1.000000000000000000e+00 1.526783083251476842e-68 1.746340121409998003e-30 1.575955703352649496e-112
0.000000000000000000e+00 3.785562887977639332e-59 3.785562887977639332e-59 1.000000000000000000e+00 0.000000000000000000e+00 0.000000000000000000e+00 0.000000000000000000e+00 0.000000000000000000e+00
0.000000000000000000e+00 0.000000000000000000e+00 0.000000000000000000e+00 0.000000000000000000e+00 3.754237130450329208e-112 6.230979123508387045e-86 3.558558284179752324e-30 1.000000000000000000e+00
0.000000000000000000e+00 0.000000000000000000e+00 0.000000000000000000e+00 1.402621902559839258e-173 1.000000000000000000e+00 1.039935628049291396e-78 1.878143396514601245e-28 1.618589723549651833e-108
1.000000000000000000e+00 0.000000000000000000e+00 0.000000000000000000e+00 0.000000000000000000e+00 0.000000000000000000e+00 0.000000000000000000e+00 0.000000000000000000e+00 0.000000000000000000e+00
0.000000000000000000e+00 0.000000000000000000e+00 0.000000000000000000e+00 0.000000000000000000e+00 1.000000000000000000e+00 4.033850414604808373e-134 1.284551509648947303e-29 3.310497855315934746e-113
0.000000000000000000e+00 5.000000000000000000e-01 5.000000000000000000e-01 3.926383408285429017e-32 1.891446893117432085e-205 0.000000000000000000e+00 0.000000000000000000e+00 0.000000000000000000e+00
1.000000000000000000e+00 0.000000000000000000e+00 0.000000000000000000e+00 0.000000000000000000e+00 0.000000000000000000e+00 0.000000000000000000e+00 0.000000000000000000e+00 0.000000000000000000e+00
0.000000000000000000e+00 0.000000000000000000e+00 0.000000000000000000e+00 0.000000000000000000e+00 3.227280784628222877e-32 9.848482624510998615e-97 1.000000000000000000e+00 1.001699505511542178e-21
0.000000000000000000e+00 0.000000000000000000e+00 0.000000000000000000e+00 0.000000000000000000e+00 2.336881975128451898e-32 1.778306206528939703e-72 1.000000000000000000e+00 7.954595995524711877e-20
0.000000000000000000e+00 0.000000000000000000e+00 0.000000000000000000e+00 0.000000000000000000e+00 5.693054417811493535e-115 7.983031061660117536e-123 4.890338935967749296e-32 1.000000000000000000e+00
0.000000000000000000e+00 0.000000000000000000e+00 0.000000000000000000e+00 0.000000000000000000e+00 1.000000000000000000e+00 3.252779895073943075e-114 1.014249128370311918e-29 1.601455860993873233e-110
0.000000000000000000e+00 0.000000000000000000e+00 0.000000000000000000e+00 0.000000000000000000e+00 1.135119716706038444e-27 3.856633733354938589e-98 1.000000000000000000e+00 1.061052146425565656e-28
0.000000000000000000e+00 5.000000000000000000e-01 5.000000000000000000e-01 6.848280043349090704e-73 0.000000000000000000e+00 0.000000000000000000e+00 0.000000000000000000e+00 0.000000000000000000e+00
0.000000000000000000e+00 0.000000000000000000e+00 0.000000000000000000e+00 0.000000000000000000e+00 3.928255881292465260e-21 1.316397349929161983e-98 1.000000000000000000e+00 1.930828267305191815e-36
0.000000000000000000e+00 0.000000000000000000e+00 0.000000000000000000e+00 0.000000000000000000e+00 1.000000000000000000e+00 2.016575915646188994e-143 1.111153354284074194e-27 1.395724777384463384e-108
0.000000000000000000e+00 0.000000000000000000e+00 0.000000000000000000e+00 0.000000000000000000e+00 2.177527618998945322e-28 8.770462167832167577e-47 1.000000000000000000e+00 1.664662728850291152e-25
0.000000000000000000e+00 0.000000000000000000e+00 0.000000000000000000e+00 0.000000000000000000e+00 6.136443661189863116e-108 1.000000000000000000e+00 3.801623388209648759e-72 1.613175541345872503e-93
0.000000000000000000e+00 5.000000000000000000e-01 5.000000000000000000e-01 1.257408897024523191e-61 0.000000000000000000e+00 0.000000000000000000e+00 0.000000000000000000e+00 0.000000000000000000e+00
1.000000000000000000e+00 0.000000000000000000e+00 0.000000000000000000e+00 0.000000000000000000e+00 0.000000000000000000e+00 0.000000000000000000e+00 0.000000000000000000e+00 0.000000000000000000e+00
0.000000000000000000e+00 0.000000000000000000e+00 0.000000000000000000e+00 0.000000000000000000e+00 1.551549491457676077e-70 1.000000000000000000e+00 1.192717983174650926e-64 8.213157735258006287e-113
0.000000000000000000e+00 0.000000000000000000e+00 0.000000000000000000e+00 0.000000000000000000e+00 6.534034661384629353e-95 1.000000000000000000e+00 3.467541464020903987e-61 6.062576317384036080e-86
0.000000000000000000e+00 5.000000000000000000e-01 5.000000000000000000e-01 1.473353717380406286e-74 0.000000000000000000e+00 0.000000000000000000e+00 0.000000000000000000e+00 0.000000000000000000e+00
0.000000000000000000e+00 3.162411103638889128e-87 3.162411103638889128e-87 1.000000000000000000e+00 0.000000000000000000e+00 0.000000000000000000e+00 0.000000000000000000e+00 0.000000000000000000e+00
0.000000000000000000e+00 0.000000000000000000e+00 0.000000000000000000e+00 1.585799025344606163e-301 2.398923980098966385e-21 1.083589159693434474e-99 1.000000000000000000e+00 7.340930770051757517e-32
1.000000000000000000e+00 0.000000000000000000e+00 0.000000000000000000e+00 0.000000000000000000e+00 0.000000000000000000e+00 0.000000000000000000e+00 0.000000000000000000e+00 0.000000000000000000e+00
1.000000000000000000e+00 0.000000000000000000e+00 0.000000000000000000e+00 0.000000000000000000e+00 0.000000000000000000e+00 0.000000000000000000e+00 0.000000000000000000e+00 0.000000000000000000e+00
0.000000000000000000e+00 0.000000000000000000e+00 0.000000000000000000e+00 0.000000000000000000e+00 2.981373148138353360e-94 3.983905102237795000e-46 1.155485979638942162e-20 1.000000000000000000e+00
0.000000000000000000e+00 0.000000000000000000e+00 0.000000000000000000e+00 0.000000000000000000e+00 5.193285890122074430e-64 1.000000000000000000e+00 1.855433767218221285e-49 3.044924800980907808e-89
0.000000000000000000e+00 0.000000000000000000e+00 0.000000000000000000e+00 0.000000000000000000e+00 6.411235922258326683e-116 3.659384744480860460e-142 1.072536183361302692e-32 1.000000000000000000e+00
0.000000000000000000e+00 0.000000000000000000e+00 0.000000000000000000e+00 0.000000000000000000e+00 2.363122003447614089e-82 1.000000000000000000e+00 3.933269325328134115e-45 1.807187531962436834e-62
0.000000000000000000e+00 0.000000000000000000e+00 0.000000000000000000e+00 0.000000000000000000e+00 2.127316605954889401e-123 3.167787226842431125e-54 2.481494338342023487e-36 1.000000000000000000e+00
0.000000000000000000e+00 0.000000000000000000e+00 0.000000000000000000e+00 0.000000000000000000e+00 6.894676707753410972e-96 1.440630799483696230e-84 7.647877329884590032e-22 1.000000000000000000e+00
0.000000000000000000e+00 0.000000000000000000e+00 0.000000000000000000e+00 0.000000000000000000e+00 3.313701156254832937e-88 4.921144945108046873e-74 1.820600924912209849e-17 1.000000000000000000e+00
0.000000000000000000e+00 5.000000000000000000e-01 5.000000000000000000e-01 5.955798904058510223e-74 0.000000000000000000e+00 0.000000000000000000e+00 0.000000000000000000e+00 0.000000000000000000e+00
0.000000000000000000e+00 5.000000000000000000e-01 5.000000000000000000e-01 1.431360102332004405e-68 0.000000000000000000e+00 0.000000000000000000e+00 0.000000000000000000e+00 0.000000000000000000e+00
0.000000000000000000e+00 5.000000000000000000e-01 5.000000000000000000e-01 4.584439973526281983e-87 0.000000000000000000e+00 0.000000000000000000e+00 0.000000000000000000e+00 0.000000000000000000e+00
0.000000000000000000e+00 5.000000000000000000e-01 5.000000000000000000e-01 3.385269039872030713e-113 0.000000000000000000e+00 0.000000000000000000e+00 0.000000000000000000e+00 0.000000000000000000e+00
0.000000000000000000e+00 4.458496754506710068e-66 4.458496754506710068e-66 1.000000000000000000e+00 0.000000000000000000e+00 0.000000000000000000e+00 0.000000000000000000e+00 0.000000000000000000e+00
0.000000000000000000e+00 5.000000000000000000e-01 5.000000000000000000e-01 9.919917231444826194e-29 0.000000000000000000e+00 0.000000000000000000e+00 0.000000000000000000e+00 0.000000000000000000e+00
0.000000000000000000e+00 2.254281291410708140e-75 2.254281291410708140e-75 1.000000000000000000e+00 0.000000000000000000e+00 0.000000000000000000e+00 0.000000000000000000e+00 0.000000000000000000e+00
0.000000000000000000e+00 0.000000000000000000e+00 0.000000000000000000e+00 0.000000000000000000e+00 1.000000000000000000e+00 0.000000000000000000e+00 8.863161928435849801e-37 1.179646179665718408e-124
0.000000000000000000e+00 2.198375202774782101e-125 2.198375202774782101e-125 1.000000000000000000e+00 6.526720468266067015e-172 0.000000000000000000e+00 0.000000000000000000e+00 0.000000000000000000e+00
0.000000000000000000e+00 5.000000000000000000e-01 5.000000000000000000e-01 7.726191589334281485e-84 0.000000000000000000e+00 0.000000000000000000e+00 0.000000000000000000e+00 0.000000000000000000e+00
0.000000000000000000e+00 0.000000000000000000e+00 0.000000000000000000e+00 0.000000000000000000e+00 1.000000000000000000e+00 1.764047848770160287e-141 7.699175645756191579e-26 4.604316520780462217e-103
0.000000000000000000e+00 5.000000000000000000e-01 5.000000000000000000e-01 5.712151937684273745e-66 0.000000000000000000e+00 0.000000000000000000e+00 0.000000000000000000e+00 0.000000000000000000e+00
0.000000000000000000e+00 0.000000000000000000e+00 0.000000000000000000e+00 0.000000000000000000e+00 3.869606528248311462e-24 6.074388458671913308e-92 1.000000000000000000e+00 2.542247896641505269e-33
0.000000000000000000e+00 0.000000000000000000e+00 0.000000000000000000e+00 0.000000000000000000e+00 1.197022558819467057e-26 5.321683462099246173e-53 1.000000000000000000e+00 2.888463061840387100e-29
0.000000000000000000e+00 5.000000000000000000e-01 5.000000000000000000e-01 1.686847038617848529e-108 0.000000000000000000e+00 0.000000000000000000e+00 0.000000000000000000e+00 0.000000000000000000e+00
0.000000000000000000e+00 0.000000000000000000e+00 0.000000000000000000e+00 0.000000000000000000e+00 7.914035598625545276e-122 1.000000000000000000e+00 1.145043735797451998e-84 1.122187739755293760e-98
0.000000000000000000e+00 0.000000000000000000e+00 0.000000000000000000e+00 0.000000000000000000e+00 1.344537907675441571e-160 1.000000000000000000e+00 2.249646793136183225e-105 4.603955940999427090e-103
0.000000000000000000e+00 0.000000000000000000e+00 0.000000000000000000e+00 0.000000000000000000e+00 1.322251795219339240e-129 1.000000000000000000e+00 6.414721859639220375e-64 4.064668802448244950e-48
0.000000000000000000e+00 2.610441648108258004e-145 2.610441648108258004e-145 1.000000000000000000e+00 0.000000000000000000e+00 0.000000000000000000e+00 0.000000000000000000e+00 0.000000000000000000e+00
0.000000000000000000e+00 5.000000000000000000e-01 5.000000000000000000e-01 1.650600434428800380e-97 0.000000000000000000e+00 0.000000000000000000e+00 0.000000000000000000e+00 0.000000000000000000e+00
0.000000000000000000e+00 0.000000000000000000e+00 0.000000000000000000e+00 0.000000000000000000e+00 1.567195191619652062e-71 1.000000000000000000e+00 3.216833568951684411e-57 1.359484017900590932e-96
0.000000000000000000e+00 5.000000000000000000e-01 5.000000000000000000e-01 4.442481976270072802e-76 0.000000000000000000e+00 0.000000000000000000e+00 0.000000000000000000e+00 0.000000000000000000e+00
1.000000000000000000e+00 0.000000000000000000e+00 0.000000000000000000e+00 0.000000000000000000e+00 0.000000000000000000e+00 0.000000000000000000e+00 0.000000000000000000e+00 0.000000000000000000e+00
0.000000000000000000e+00 0.000000000000000000e+00 0.000000000000000000e+00 1.235318940715350847e-117 1.000000000000000000e+00 4.732080943387838312e-148 1.352515444655947480e-22 1.682159400100751148e-95
1.000000000000000000e+00 0.000000000000000000e+00 0.000000000000000000e+00 0.000000000000000000e+00 0.000000000000000000e+00 0.000000000000000000e+00 0.000000000000000000e+00 0.000000000000000000e+00
0.000000000000000000e+00 5.113419376472495366e-88 5.113419376472495366e-88 1.000000000000000000e+00 0.000000000000000000e+00 0.000000000000000000e+00 0.000000000000000000e+00 0.000000000000000000e+00
0.000000000000000000e+00 2.470789960079438117e-52 2.470789960079438117e-52 1.000000000000000000e+00 0.000000000000000000e+00 0.000000000000000000e+00 0.000000000000000000e+00 0.000000000000000000e+00
0.000000000000000000e+00 5.000000000000000000e-01 5.000000000000000000e-01 4.210094552117113773e-112 0.000000000000000000e+00 0.000000000000000000e+00 0.000000000000000000e+00 0.000000000000000000e+00
0.000000000000000000e+00 5.000000000000000000e-01 5.000000000000000000e-01 5.123630966203647648e-97 0.000000000000000000e+00 0.000000000000000000e+00 0.000000000000000000e+00 0.000000000000000000e+00
0.000000000000000000e+00 5.000000000000000000e-01 5.000000000000000000e-01 1.901625898201217470e-80 0.000000000000000000e+00 0.000000000000000000e+00 0.000000000000000000e+00 0.000000000000000000e+00
0.000000000000000000e+00 4.650064350930509498e-76 4.650064350930509498e-76 1.000000000000000000e+00 0.000000000000000000e+00 0.000000000000000000e+00 0.000000000000000000e+00 0.000000000000000000e+00
0.000000000000000000e+00 2.605240127818848943e-132 2.605240127818848943e-132 1.000000000000000000e+00 0.000000000000000000e+00 0.000000000000000000e+00 0.000000000000000000e+00 0.000000000000000000e+00
0.000000000000000000e+00 5.000000000000000000e-01 5.000000000000000000e-01 2.023486794044658837e-70 0.000000000000000000e+00 0.000000000000000000e+00 0.000000000000000000e+00 0.000000000000000000e+00
0.000000000000000000e+00 0.000000000000000000e+00 0.000000000000000000e+00 0.000000000000000000e+00 7.480461009843541887e-98 6.316848585364876650e-52 4.640604451236128913e-21 1.000000000000000000e+00
0.000000000000000000e+00 5.000000000000000000e-01 5.000000000000000000e-01 3.471742764718745355e-70 0.000000000000000000e+00 0.000000000000000000e+00 0.000000000000000000e+00 0.000000000000000000e+00
0.000000000000000000e+00 5.000000000000000000e-01 5.000000000000000000e-01 8.992344599715663827e-130 0.000000000000000000e+00 0.000000000000000000e+00 0.000000000000000000e+00 0.000000000000000000e+00
0.000000000000000000e+00 6.814958290554403950e-63 6.814958290554403950e-63 1.000000000000000000e+00 0.000000000000000000e+00 0.000000000000000000e+00 0.000000000000000000e+00 0.000000000000000000e+00
0.000000000000000000e+00 0.000000000000000000e+00 0.000000000000000000e+00 0.000000000000000000e+00 1.000000000000000000e+00 1.753841720004613666e-185 1.720703967702032602e-27 5.099458514049513396e-105
0.000000000000000000e+00 0.000000000000000000e+00 0.000000000000000000e+00 0.000000000000000000e+00 2.362927336249260393e-25 3.438998147598222470e-18 1.000000000000000000e+00 1.564838792804333817e-27
0.000000000000000000e+00 7.507175460379650904e-72 7.507175460379650904e-72 1.000000000000000000e+00 0.000000000000000000e+00 0.000000000000000000e+00 0.000000000000000000e+00 0.000000000000000000e+00
0.000000000000000000e+00 0.000000000000000000e+00 0.000000000000000000e+00 0.000000000000000000e+00 1.000000000000000000e+00 7.599220384831242181e-53 7.197471147363432117e-31 3.177876953783254715e-115
0.000000000000000000e+00 0.000000000000000000e+00 0.000000000000000000e+00 1.322199142950474054e-271 3.936658009518925168e-25 6.096385582348449736e-95 1.000000000000000000e+00 3.004407651923574266e-29
0.000000000000000000e+00 7.633003040118670988e-57 7.633003040118670988e-57 1.000000000000000000e+00 0.000000000000000000e+00 0.000000000000000000e+00 0.000000000000000000e+00 0.000000000000000000e+00
0.000000000000000000e+00 0.000000000000000000e+00 0.000000000000000000e+00 0.000000000000000000e+00 1.000000000000000000e+00 3.260208560523861148e-71 7.458444858198615492e-25 3.025931168833025767e-104
0.000000000000000000e+00 5.000000000000000000e-01 5.000000000000000000e-01 3.209359217518423955e-63 0.000000000000000000e+00 0.000000000000000000e+00 0.000000000000000000e+00 0.000000000000000000e+00
0.000000000000000000e+00 0.000000000000000000e+00 0.000000000000000000e+00 0.000000000000000000e+00 4.779055012089531093e-103 1.695237626298433962e-83 3.627594020290823228e-27 1.000000000000000000e+00
0.000000000000000000e+00 0.000000000000000000e+00 0.000000000000000000e+00 0.000000000000000000e+00 5.817368222301477114e-17 3.817724813369336378e-65 1.000000000000000000e+00 1.508677125656357033e-37
0.000000000000000000e+00 5.000000000000000000e-01 5.000000000000000000e-01 3.440279844467906666e-40 0.000000000000000000e+00 0.000000000000000000e+00 0.000000000000000000e+00 0.000000000000000000e+00
0.000000000000000000e+00 0.000000000000000000e+00 0.000000000000000000e+00 0.000000000000000000e+00 7.986535438008772726e-113 4.307300581777018293e-100 3.735528294075301185e-30 1.000000000000000000e+00
0.000000000000000000e+00 0.000000000000000000e+00 0.000000000000000000e+00 0.000000000000000000e+00 1.006777892043023718e-106 2.008059298648575712e-52 2.082330429515203974e-26 1.000000000000000000e+00
1.000000000000000000e+00 0.000000000000000000e+00 0.000000000000000000e+00 0.000000000000000000e+00 0.000000000000000000e+00 0.000000000000000000e+00 0.000000000000000000e+00 0.000000000000000000e+00
0.000000000000000000e+00 0.000000000000000000e+00 0.000000000000000000e+00 0.000000000000000000e+00 5.664987352224575547e-32 1.167868413031082601e-137 1.000000000000000000e+00 5.480468413592110172e-21
0.000000000000000000e+00 0.000000000000000000e+00 0.000000000000000000e+00 0.000000000000000000e+00 2.825399234506313818e-27 1.247889015938382397e-69 1.000000000000000000e+00 4.829864901044802677e-25
0.000000000000000000e+00 0.000000000000000000e+00 0.000000000000000000e+00 2.349899560765743505e-145 1.000000000000000000e+00 1.477976642854620582e-128 3.923334903649169603e-27 7.652786992436481568e-107
1.000000000000000000e+00 0.000000000000000000e+00 0.000000000000000000e+00 0.000000000000000000e+00 0.000000000000000000e+00 0.000000000000000000e+00 0.000000000000000000e+00 0.000000000000000000e+00
0.000000000000000000e+00 0.000000000000000000e+00 0.000000000000000000e+00 0.000000000000000000e+00 3.493880315683941331e-104 6.381724896101901090e-124 5.388452588977332952e-26 1.000000000000000000e+00
0.000000000000000000e+00 5.000000000000000000e-01 5.000000000000000000e-01 1.290174222137796433e-89 0.000000000000000000e+00 0.000000000000000000e+00 0.000000000000000000e+00 0.000000000000000000e+00
0.000000000000000000e+00 5.000000000000000000e-01 5.000000000000000000e-01 1.708328336303851385e-109 0.000000000000000000e+00 0.000000000000000000e+00 0.000000000000000000e+00 0.000000000000000000e+00
1.000000000000000000e+00 0.000000000000000000e+00 0.000000000000000000e+00 0.000000000000000000e+00 0.000000000000000000e+00 0.000000000000000000e+00 0.000000000000000000e+00 0.000000000000000000e+00
0.000000000000000000e+00 0.000000000000000000e+00 0.000000000000000000e+00 0.000000000000000000e+00 1.000000000000000000e+00 3.392620099186474613e-83 6.629572088781997581e-21 5.190544055978799382e-94
0.000000000000000000e+00 0.000000000000000000e+00 0.000000000000000000e+00 0.000000000000000000e+00 2.711218649760870930e-52 9.999999999999988898e-01 1.098632344928205806e-15 2.634398528899152673e-31
0.000000000000000000e+00 0.000000000000000000e+00 0.000000000000000000e+00 0.000000000000000000e+00 1.580448796574835887e-132 1.000000000000000000e+00 4.314696762973519308e-74 1.659286912192128573e-69
0.000000000000000000e+00 0.000000000000000000e+00 0.000000000000000000e+00 0.000000000000000000e+00 1.000000000000000000e+00 8.538959797260898096e-70 4.444911311603674040e-25 1.513380480836683086e-104
0.000000000000000000e+00 2.652393085324075242e-63 2.652393085324075242e-63 1.000000000000000000e+00 0.000000000000000000e+00 0.000000000000000000e+00 0.000000000000000000e+00 0.000000000000000000e+00
0.000000000000000000e+00 5.000000000000000000e-01 5.000000000000000000e-01 1.365240281023467732e-146 0.000000000000000000e+00 0.000000000000000000e+00 0.000000000000000000e+00 0.000000000000000000e+00
0.000000000000000000e+00 8.905732940978944077e-77 8.905732940978944077e-77 1.000000000000000000e+00 0.000000000000000000e+00 0.000000000000000000e+00 0.000000000000000000e+00 0.000000000000000000e+00
0.000000000000000000e+00 0.000000000000000000e+00 0.000000000000000000e+00 0.000000000000000000e+00 1.000000000000000000e+00 1.602303112731147692e-112 8.396687576427349330e-31 6.943829193898620890e-113
0.000000000000000000e+00 0.000000000000000000e+00 0.000000000000000000e+00 0.000000000000000000e+00 1.000000000000000000e+00 1.457294273203430360e-131 1.695261673011756124e-23 5.175612831037056154e-103
0.000000000000000000e+00 0.000000000000000000e+00 0.000000000000000000e+00 0.000000000000000000e+00 1.007016464619292571e-39 2.005017178557441845e-49 9.999999999999994449e-01 6.359394087753367760e-16
0.000000000000000000e+00 0.000000000000000000e+00 0.000000000000000000e+00 0.000000000000000000e+00 1.583119214171557638e-109 1.597284444959822266e-105 3.836655178542551230e-29 1.000000000000000000e+00
0.000000000000000000e+00 1.595588844708254119e-67 1.595588844708254119e-67 1.000000000000000000e+00 0.000000000000000000e+00 0.000000000000000000e+00 0.000000000000000000e+00 0.000000000000000000e+00
0.000000000000000000e+00 0.000000000000000000e+00 0.000000000000000000e+00 0.000000000000000000e+00 0.000000000000000000e+00 1.000000000000000000e+00 4.349143038284860084e-102 3.180149095245829977e-98
0.000000000000000000e+00 0.000000000000000000e+00 0.000000000000000000e+00 0.000000000000000000e+00 1.008623565597023931e-98 3.837855364687208430e-86 1.991330327822359322e-24 1.000000000000000000e+00
0.000000000000000000e+00 0.000000000000000000e+00 0.000000000000000000e+00 0.000000000000000000e+00 1.170060545676569255e-114 2.092118377304556359e-63 1.841813163724387580e-30 1.000000000000000000e+00
0.000000000000000000e+00 0.000000000000000000e+00 0.000000000000000000e+00 0.000000000000000000e+00 1.000000000000000000e+00 9.443766372523640929e-66 2.638288477970928973e-28 2.948404516842804544e-109
0.000000000000000000e+00 5.000000000000000000e-01 5.000000000000000000e-01 1.336441406807888348e-71 0.000000000000000000e+00 0.000000000000000000e+00 0.000000000000000000e+00 0.000000000000000000e+00
0.000000000000000000e+00 0.000000000000000000e+00 0.000000000000000000e+00 0.000000000000000000e+00 8.243460820842997292e-30 1.049710741491018685e-65 1.000000000000000000e+00 5.714954434892361659e-29
0.000000000000000000e+00 5.000000000000000000e-01 5.000000000000000000e-01 0.000000000000000000e+00 0.000000000000000000e+00 0.000000000000000000e+00 0.000000000000000000e+00 0.000000000000000000e+00
1.000000000000000000e+00 0.000000000000000000e+00 0.000000000000000000e+00 0.000000000000000000e+00 0.000000000000000000e+00 0.000000000000000000e+00 0.000000000000000000e+00 0.000000000000000000e+00
0.000000000000000000e+00 5.775468646216675440e-57 5.775468646216675440e-57 1.000000000000000000e+00 7.940668153387400386e-113 1.340259401658947581e-197 1.794322501343615805e-170 3.547802565709565710e-285
0.000000000000000000e+00 0.000000000000000000e+00 0.000000000000000000e+00 0.000000000000000000e+00 1.000000000000000000e+00 0.000000000000000000e+00 3.235887454997038670e-27 1.716178807398893874e-108
0.000000000000000000e+00 5.000000000000000000e-01 5.000000000000000000e-01 1.410876556250730916e-65 0.000000000000000000e+00 0.000000000000000000e+00 0.000000000000000000e+00 0.000000000000000000e+00
0.000000000000000000e+00 5.000000000000000000e-01 5.000000000000000000e-01 1.258537348015164389e-90 0.000000000000000000e+00 0.000000000000000000e+00 0.000000000000000000e+00 0.000000000000000000e+00
0.000000000000000000e+00 5.000000000000000000e-01 5.000000000000000000e-01 2.017284273022614051e-53 0.000000000000000000e+00 0.000000000000000000e+00 0.000000000000000000e+00 0.000000000000000000e+00
0.000000000000000000e+00 0.000000000000000000e+00 0.000000000000000000e+00 0.000000000000000000e+00 7.589374923839440928e-106 1.682213471527850024e-146 5.601215047270679285e-26 1.000000000000000000e+00
0.000000000000000000e+00 0.000000000000000000e+00 0.000000000000000000e+00 0.000000000000000000e+00 1.000000000000000000e+00 1.429957372737865682e-61 1.798064645986690534e-26 1.096183374477904283e-104
0.000000000000000000e+00 0.000000000000000000e+00 0.000000000000000000e+00 0.000000000000000000e+00 3.466229056982088052e-105 4.430703002308432084e-137 3.412711260415561758e-25 1.000000000000000000e+00
0.000000000000000000e+00 2.076841741046942404e-80 2.076841741046942404e-80 1.000000000000000000e+00 0.000000000000000000e+00 0.000000000000000000e+00 0.000000000000000000e+00 0.000000000000000000e+00
1.000000000000000000e+00 0.000000000000000000e+00 0.000000000000000000e+00 0.000000000000000000e+00 0.000000000000000000e+00 0.000000000000000000e+00 0.000000000000000000e+00 0.000000000000000000e+00
0.000000000000000000e+00 0.000000000000000000e+00 0.000000000000000000e+00 0.000000000000000000e+00 0.000000000000000000e+00 1.000000000000000000e+00 0.000000000000000000e+00 9.714035594565016162e-90
0.000000000000000000e+00 0.000000000000000000e+00 0.000000000000000000e+00 0.000000000000000000e+00 6.196043923735690564e-97 8.516183841197987093e-102 3.533533805401468281e-23 1.000000000000000000e+00
0.000000000000000000e+00 0.000000000000000000e+00 0.000000000000000000e+00 0.000000000000000000e+00 3.124359058420488374e-26 3.745456450703610078e-31 1.000000000000000000e+00 1.063375903104804944e-27
0.000000000000000000e+00 0.000000000000000000e+00 0.000000000000000000e+00 0.000000000000000000e+00 7.481254240607365963e-95 1.000000000000000000e+00 4.820913007821600150e-56 3.177021667618899590e-71
0.000000000000000000e+00 5.000000000000000000e-01 5.000000000000000000e-01 1.009935070161353269e-120 0.000000000000000000e+00 0.000000000000000000e+00 0.000000000000000000e+00 0.000000000000000000e+00
0.000000000000000000e+00 0.000000000000000000e+00 0.000000000000000000e+00 0.000000000000000000e+00 4.606771846641828961e-150 1.000000000000000000e+00 2.634171467846297730e-127 4.222181720365965543e-157
0.000000000000000000e+00 5.000000000000000000e-01 5.000000000000000000e-01 3.342684625850343321e-123 0.000000000000000000e+00 0.000000000000000000e+00 0.000000000000000000e+00 0.000000000000000000e+00
0.000000000000000000e+00 0.000000000000000000e+00 0.000000000000000000e+00 0.000000000000000000e+00 1.000000000000000000e+00 5.202886028703309034e-92 6.230793614058074649e-25 2.465102273912764394e-105
0.000000000000000000e+00 5.000000000000000000e-01 5.000000000000000000e-01 6.595721025903292484e-157 0.000000000000000000e+00 0.000000000000000000e+00 0.000000000000000000e+00 0.000000000000000000e+00
0.000000000000000000e+00 0.000000000000000000e+00 0.000000000000000000e+00 0.000000000000000000e+00 1.000000000000000000e+00 0.000000000000000000e+00 1.100470903834509372e-28 5.712345689577311928e-109
0.000000000000000000e+00 5.000000000000000000e-01 5.000000000000000000e-01 2.385167197967761363e-97 0.000000000000000000e+00 0.000000000000000000e+00 0.000000000000000000e+00 0.000000000000000000e+00
0.000000000000000000e+00 0.000000000000000000e+00 0.000000000000000000e+00 0.000000000000000000e+00 1.085464784565156292e-36 5.528341845806196647e-54 1.000000000000000000e+00 6.310463041997952347e-19
0.000000000000000000e+00 0.000000000000000000e+00 0.000000000000000000e+00 3.172496263106940687e-118 1.000000000000000000e+00 0.000000000000000000e+00 3.675030250913053316e-32 2.550261632057883704e-115
0.000000000000000000e+00 8.195704231675284544e-99 8.195704231675284544e-99 1.000000000000000000e+00 0.000000000000000000e+00 0.000000000000000000e+00 0.000000000000000000e+00 0.000000000000000000e+00
0.000000000000000000e+00 5.000000000000000000e-01 5.000000000000000000e-01 1.699477735278161494e-83 0.000000000000000000e+00 0.000000000000000000e+00 0.000000000000000000e+00 0.000000000000000000e+00
0.000000000000000000e+00 5.000000000000000000e-01 5.000000000000000000e-01 1.053913736586911060e-61 0.000000000000000000e+00 0.000000000000000000e+00 0.000000000000000000e+00 0.000000000000000000e+00
0.000000000000000000e+00 5.000000000000000000e-01 5.000000000000000000e-01 2.365414693486166633e-79 0.000000000000000000e+00 0.000000000000000000e+00 0.000000000000000000e+00 0.000000000000000000e+00
0.000000000000000000e+00 0.000000000000000000e+00 0.000000000000000000e+00 0.000000000000000000e+00 1.416536843618087018e-105 3.633938337872762741e-96 3.185889578420691647e-26 1.000000000000000000e+00
0.000000000000000000e+00 5.000000000000000000e-01 5.000000000000000000e-01 4.012840507987455208e-137 0.000000000000000000e+00 0.000000000000000000e+00 0.000000000000000000e+00 0.000000000000000000e+00
1.000000000000000000e+00 0.000000000000000000e+00 0.000000000000000000e+00 0.000000000000000000e+00 0.000000000000000000e+00 0.000000000000000000e+00 0.000000000000000000e+00 0.000000000000000000e+00
0.000000000000000000e+00 5.000000000000000000e-01 5.000000000000000000e-01 3.967541487797514020e-84 0.000000000000000000e+00 0.000000000000000000e+00 0.000000000000000000e+00 0.000000000000000000e+00
1.000000000000000000e+00 0.000000000000000000e+00 0.000000000000000000e+00 0.000000000000000000e+00 0.000000000000000000e+00 0.000000000000000000e+00 0.000000000000000000e+00 0.000000000000000000e+00
1.000000000000000000e+00 0.000000000000000000e+00 0.000000000000000000e+00 0.000000000000000000e+00 0.000000000000000000e+00 0.000000000000000000e+00 0.000000000000000000e+00 0.000000000000000000e+00
0.000000000000000000e+00 0.000000000000000000e+00 0.000000000000000000e+00 0.000000000000000000e+00 5.590905785991304164e-27 2.656008156686019485e-60 1.000000000000000000e+00 3.236646643645811696e-27
0.000000000000000000e+00 5.000000000000000000e-01 5.000000000000000000e-01 2.450306766874225796e-69 0.000000000000000000e+00 0.000000000000000000e+00 0.000000000000000000e+00 0.000000000000000000e+00
0.000000000000000000e+00 0.000000000000000000e+00 0.000000000000000000e+00 0.000000000000000000e+00 6.809722255542196047e-26 1.221947523838121726e-74 1.000000000000000000e+00 2.288678738244245279e-25
0.000000000000000000e+00 2.910780022179200428e-78 2.910780022179200428e-78 1.000000000000000000e+00 0.000000000000000000e+00 0.000000000000000000e+00 0.000000000000000000e+00 0.000000000000000000e+00
0.000000000000000000e+00 3.920235100082317030e-72 3.920235100082317030e-72 1.000000000000000000e+00 0.000000000000000000e+00 0.000000000000000000e+00 0.000000000000000000e+00 0.000000000000000000e+00
0.000000000000000000e+00 0.000000000000000000e+00 0.000000000000000000e+00 0.000000000000000000e+00 5.073786526324735349e-96 2.882831309030267009e-77 6.142729624193407855e-21 1.000000000000000000e+00
0.000000000000000000e+00 5.000000000000000000e-01 5.000000000000000000e-01 8.930488039028021032e-55 0.000000000000000000e+00 0.000000000000000000e+00 0.000000000000000000e+00 0.000000000000000000e+00
0.000000000000000000e+00 0.000000000000000000e+00 0.000000000000000000e+00 0.000000000000000000e+00 0.000000000000000000e+00 1.000000000000000000e+00 1.389505719789953481e-114 1.485572651327059432e-97
0.000000000000000000e+00 6.032864965950198052e-52 6.032864965950198052e-52 1.000000000000000000e+00 0.000000000000000000e+00 0.000000000000000000e+00 0.000000000000000000e+00 0.000000000000000000e+00
1.000000000000000000e+00 0.000000000000000000e+00 0.000000000000000000e+00 0.000000000000000000e+00 0.000000000000000000e+00 0.000000000000000000e+00 0.000000000000000000e+00 0.000000000000000000e+00
0.000000000000000000e+00 0.000000000000000000e+00 0.000000000000000000e+00 0.000000000000000000e+00 1.102297276162849193e-16 2.583466292748716471e-100 9.999999999999998890e-01 6.763034090356850065e-38
0.000000000000000000e+00 0.000000000000000000e+00 0.000000000000000000e+00 0.000000000000000000e+00 1.093902396025700959e-105 1.866650865987741278e-68 5.636639967764485266e-26 1.000000000000000000e+00
0.000000000000000000e+00 1.504018396607345198e-54 1.504018396607345198e-54 1.000000000000000000e+00 0.000000000000000000e+00 0.000000000000000000e+00 0.000000000000000000e+00 0.000000000000000000e+00
0.000000000000000000e+00 5.000000000000000000e-01 5.000000000000000000e-01 4.156580485494776830e-54 0.000000000000000000e+00 0.000000000000000000e+00 0.000000000000000000e+00 0.000000000000000000e+00
1.000000000000000000e+00 0.000000000000000000e+00 0.000000000000000000e+00 0.000000000000000000e+00 0.000000000000000000e+00 0.000000000000000000e+00 0.000000000000000000e+00 0.000000000000000000e+00
0.000000000000000000e+00 0.000000000000000000e+00 0.000000000000000000e+00 0.000000000000000000e+00 1.592958045783209491e-47 1.000000000000000000e+00 1.532682863212676352e-32 2.642280848881638200e-73
0.000000000000000000e+00 5.000000000000000000e-01 5.000000000000000000e-01 1.015842549221438719e-44 0.000000000000000000e+00 0.000000000000000000e+00 0.000000000000000000e+00 0.000000000000000000e+00
0.000000000000000000e+00 5.000000000000000000e-01 5.000000000000000000e-01 1.068300379938414254e-58 0.000000000000000000e+00 0.000000000000000000e+00 0.000000000000000000e+00 0.000000000000000000e+00
0.000000000000000000e+00 5.000000000000000000e-01 5.000000000000000000e-01 5.046228080839708903e-78 0.000000000000000000e+00 0.000000000000000000e+00 0.000000000000000000e+00 0.000000000000000000e+00
1.000000000000000000e+00 0.000000000000000000e+00 0.000000000000000000e+00 0.000000000000000000e+00 0.000000000000000000e+00 0.000000000000000000e+00 0.000000000000000000e+00 0.000000000000000000e+00
0.000000000000000000e+00 5.000000000000000000e-01 5.000000000000000000e-01 3.293000112382711086e-77 0.000000000000000000e+00 0.000000000000000000e+00 0.000000000000000000e+00 0.000000000000000000e+00
0.000000000000000000e+00 5.000000000000000000e-01 5.000000000000000000e-01 2.023072743264511261e-96 0.000000000000000000e+00 0.000000000000000000e+00 0.000000000000000000e+00 0.000000000000000000e+00
0.000000000000000000e+00 1.811518384790924087e-57 1.811518384790924087e-57 1.000000000000000000e+00 0.000000000000000000e+00 0.000000000000000000e+00 0.000000000000000000e+00 0.000000000000000000e+00
0.000000000000000000e+00 0.000000000000000000e+00 0.000000000000000000e+00 0.000000000000000000e+00 1.000000000000000000e+00 0.000000000000000000e+00 1.130976091266223934e-24 8.289790995953648524e-103
0.000000000000000000e+00 5.000000000000000000e-01 5.000000000000000000e-01 1.347057374393779045e-111 0.000000000000000000e+00 0.000000000000000000e+00 0.000000000000000000e+00 0.000000000000000000e+00
0.000000000000000000e+00 6.566796209311270425e-96 6.566796209311270425e-96 1.000000000000000000e+00 0.000000000000000000e+00 0.000000000000000000e+00 0.000000000000000000e+00 0.000000000000000000e+00
0.000000000000000000e+00 5.000000000000000000e-01 5.000000000000000000e-01 8.352609899363861623e-107 0.000000000000000000e+00 0.000000000000000000e+00 0.000000000000000000e+00 0.000000000000000000e+00
0.000000000000000000e+00 5.000000000000000000e-01 5.000000000000000000e-01 1.152646390127094653e-74 9.545998552355534910e-196 0.000000000000000000e+00 0.000000000000000000e+00 0.000000000000000000e+00
0.000000000000000000e+00 8.787300389941715462e-109 8.787300389941715462e-109 1.000000000000000000e+00 0.000000000000000000e+00 0.000000000000000000e+00 0.000000000000000000e+00 0.000000000000000000e+00
0.000000000000000000e+00 4.244669134371627587e-81 4.244669134371627587e-81 1.000000000000000000e+00 0.000000000000000000e+00 0.000000000000000000e+00 0.000000000000000000e+00 0.000000000000000000e+00
0.000000000000000000e+00 0.000000000000000000e+00 0.000000000000000000e+00 0.000000000000000000e+00 1.294770741718320152e-30 2.996265091367017436e-104 1.000000000000000000e+00 2.019402515235534716e-24
0.000000000000000000e+00 5.000000000000000000e-01 5.000000000000000000e-01 8.202882698725906076e-97 0.000000000000000000e+00 0.000000000000000000e+00 0.000000000000000000e+00 0.000000000000000000e+00
0.000000000000000000e+00 5.000000000000000000e-01 5.000000000000000000e-01 1.726050467557603286e-108 0.000000000000000000e+00 0.000000000000000000e+00 0.000000000000000000e+00 0.000000000000000000e+00
0.000000000000000000e+00 2.340460265554494866e-112 2.340460265554494866e-112 1.000000000000000000e+00 1.044451312666505246e-160 0.000000000000000000e+00 0.000000000000000000e+00 0.000000000000000000e+00
1.000000000000000000e+00 0.000000000000000000e+00 0.000000000000000000e+00 0.000000000000000000e+00 0.000000000000000000e+00 0.000000000000000000e+00 0.000000000000000000e+00 0.000000000000000000e+00
0.000000000000000000e+00 0.000000000000000000e+00 0.000000000000000000e+00 0.000000000000000000e+00 1.000000000000000000e+00 1.063716032392166548e-102 1.588907070162494148e-20 6.864705546094964417e-95
0.000000000000000000e+00 0.000000000000000000e+00 0.000000000000000000e+00 0.000000000000000000e+00 1.596543099122444941e-94 1.000000000000000000e+00 8.591523497472556426e-58 1.765534834081659618e-74
0.000000000000000000e+00 5.000000000000000000e-01 5.000000000000000000e-01 5.826715276521795242e-55 0.000000000000000000e+00 0.000000000000000000e+00 0.000000000000000000e+00 0.000000000000000000e+00
0.000000000000000000e+00 5.000000000000000000e-01 5.000000000000000000e-01 3.405978576673481670e-96 0.000000000000000000e+00 0.000000000000000000e+00 0.000000000000000000e+00 0.000000000000000000e+00
0.000000000000000000e+00 5.000000000000000000e-01 5.000000000000000000e-01 5.567584573242970926e-87 0.000000000000000000e+00 0.000000000000000000e+00 0.000000000000000000e+00 0.000000000000000000e+00
0.000000000000000000e+00 0.000000000000000000e+00 0.000000000000000000e+00 0.000000000000000000e+00 1.110424028598681488e-21 1.254569879627660406e-85 1.000000000000000000e+00 1.552393161835262888e-34
0.000000000000000000e+00 5.000000000000000000e-01 5.000000000000000000e-01 1.466890604172042201e-119 0.000000000000000000e+00 0.000000000000000000e+00 0.000000000000000000e+00 0.000000000000000000e+00
0.000000000000000000e+00 0.000000000000000000e+00 0.000000000000000000e+00 0.000000000000000000e+00 1.000000000000000000e+00 8.535005154958576716e-123 8.174166891169041099e-27 1.867450827922528943e-107
0.000000000000000000e+00 0.000000000000000000e+00 0.000000000000000000e+00 0.000000000000000000e+00 1.178519024060711675e-127 1.241865571541815222e-79 1.226986957641681400e-37 1.000000000000000000e+00
0.000000000000000000e+00 0.000000000000000000e+00 0.000000000000000000e+00 0.000000000000000000e+00 3.988245330976657135e-142 1.000000000000000000e+00 5.146229484554517805e-64 3.124160951134529375e-43
0.000000000000000000e+00 0.000000000000000000e+00 0.000000000000000000e+00 0.000000000000000000e+00 2.301499099606437086e-24 2.400165816771911754e-38 1.000000000000000000e+00 3.754474774519842960e-25
0.000000000000000000e+00 5.000000000000000000e-01 5.000000000000000000e-01 4.800715145410380397e-95 0.000000000000000000e+00 0.000000000000000000e+00 0.000000000000000000e+00 0.000000000000000000e+00
0.000000000000000000e+00 0.000000000000000000e+00 0.000000000000000000e+00 0.000000000000000000e+00 8.767443237711811214e-96 3.017757320660089751e-37 1.769731940458416661e-22 1.000000000000000000e+00
0.000000000000000000e+00 0.000000000000000000e+00 0.000000000000000000e+00 0.000000000000000000e+00 1.453546591470804797e-116 1.000000000000000000e+00 7.574785281138940967e-50 4.442394189185533791e-37
0.000000000000000000e+00 0.000000000000000000e+00 0.000000000000000000e+00 0.000000000000000000e+00 6.309879923135234133e-29 1.535508298248583951e-116 1.000000000000000000e+00 2.401670806887181201e-26
0.000000000000000000e+00 0.000000000000000000e+00 0.000000000000000000e+00 0.000000000000000000e+00 2.571526244961796658e-109 3.503999886684129101e-56 9.505086954086481146e-28 1.000000000000000000e+00
0.000000000000000000e+00 8.220654934267570930e-99 8.220654934267570930e-99 1.000000000000000000e+00 0.000000000000000000e+00 0.000000000000000000e+00 0.000000000000000000e+00 0.000000000000000000e+00
1.000000000000000000e+00 0.000000000000000000e+00 0.000000000000000000e+00 0.000000000000000000e+00 0.000000000000000000e+00 0.000000000000000000e+00 0.000000000000000000e+00 0.000000000000000000e+00
0.000000000000000000e+00 0.000000000000000000e+00 0.000000000000000000e+00 0.000000000000000000e+00 1.268445734580130856e-26 2.729717184190650972e-88 1.000000000000000000e+00 8.302953323008529036e-27
0.000000000000000000e+00 3.735006963361722903e-61 3.735006963361722903e-61 1.000000000000000000e+00 0.000000000000000000e+00 0.000000000000000000e+00 0.000000000000000000e+00 0.000000000000000000e+00
0.000000000000000000e+00 0.000000000000000000e+00 0.000000000000000000e+00 0.000000000000000000e+00 1.000000000000000000e+00 5.985922915955525178e-102 1.751383490993883486e-27 5.761692469841754304e-113
0.000000000000000000e+00 0.000000000000000000e+00 0.000000000000000000e+00 0.000000000000000000e+00 1.681064395979777386e-187 1.000000000000000000e+00 1.103400305850235806e-115 1.524564031124704352e-97
0.000000000000000000e+00 0.000000000000000000e+00 0.000000000000000000e+00 0.000000000000000000e+00 3.156360652353702334e-101 2.707684540898652853e-91 1.831541677421057488e-26 1.000000000000000000e+00
0.000000000000000000e+00 5.000000000000000000e-01 5.000000000000000000e-01 3.526588092960232211e-76 0.000000000000000000e+00 0.000000000000000000e+00 0.000000000000000000e+00 0.000000000000000000e+00
0.000000000000000000e+00 0.000000000000000000e+00 0.000000000000000000e+00 0.000000000000000000e+00 5.676740885905675388e-111 1.855345742180695829e-69 1.290531649698925581e-29 1.000000000000000000e+00
1.000000000000000000e+00 0.000000000000000000e+00 0.000000000000000000e+00 0.000000000000000000e+00 0.000000000000000000e+00 0.000000000000000000e+00 0.000000000000000000e+00 0.000000000000000000e+00
0.000000000000000000e+00 5.000000000000000000e-01 5.000000000000000000e-01 2.238025401431496457e-137 0.000000000000000000e+00 0.000000000000000000e+00 0.000000000000000000e+00 0.000000000000000000e+00
0.000000000000000000e+00 0.000000000000000000e+00 0.000000000000000000e+00 0.000000000000000000e+00 3.713365792860459414e-100 1.905672651276902000e-53 4.595806054879878501e-26 1.000000000000000000e+00
0.000000000000000000e+00 5.000000000000000000e-01 5.000000000000000000e-01 6.402894836162620375e-142 0.000000000000000000e+00 0.000000000000000000e+00 0.000000000000000000e+00 0.000000000000000000e+00
0.000000000000000000e+00 0.000000000000000000e+00 0.000000000000000000e+00 0.000000000000000000e+00 9.904032944133883914e-89 1.000000000000000000e+00 4.405862321297975385e-50 3.568796961169645536e-65
0.000000000000000000e+00 5.000000000000000000e-01 5.000000000000000000e-01 6.797489178694695378e-96 0.000000000000000000e+00 0.000000000000000000e+00 0.000000000000000000e+00 0.000000000000000000e+00
0.000000000000000000e+00 0.000000000000000000e+00 0.000000000000000000e+00 0.000000000000000000e+00 1.000000000000000000e+00 0.000000000000000000e+00 2.699266919153796499e-29 5.088677095468072492e-111
0.000000000000000000e+00 0.000000000000000000e+00 0.000000000000000000e+00 0.000000000000000000e+00 3.040186686184117737e-149 1.000000000000000000e+00 8.160145059000696038e-89 2.374658328760456546e-80
0.000000000000000000e+00 5.000000000000000000e-01 5.000000000000000000e-01 4.132781452901751293e-81 0.000000000000000000e+00 0.000000000000000000e+00 0.000000000000000000e+00 0.000000000000000000e+00
0.000000000000000000e+00 0.000000000000000000e+00 0.000000000000000000e+00 1.000000000000000000e+00 0.000000000000000000e+00 0.000000000000000000e+00 0.000000000000000000e+00 0.000000000000000000e+00
0.000000000000000000e+00 6.049417284748658373e-65 6.049417284748658373e-65 1.000000000000000000e+00 0.000000000000000000e+00 0.000000000000000000e+00 0.000000000000000000e+00 0.000000000000000000e+00
0.000000000000000000e+00 2.325540633791387536e-45 2.325540633791387536e-45 1.000000000000000000e+00 0.000000000000000000e+00 0.000000000000000000e+00 0.000000000000000000e+00 0.000000000000000000e+00
0.000000000000000000e+00 5.000000000000000000e-01 5.000000000000000000e-01 4.529637566261745533e-93 0.000000000000000000e+00 0.000000000000000000e+00 0.000000000000000000e+00 0.000000000000000000e+00
0.000000000000000000e+00 0.000000000000000000e+00 0.000000000000000000e+00 1.075511736500857941e-151 1.000000000000000000e+00 2.347705103843401242e-99 7.213637479606462126e-19 2.387697271197022525e-89
0.000000000000000000e+00 0.000000000000000000e+00 0.000000000000000000e+00 0.000000000000000000e+00 1.000000000000000000e+00 6.224852862509502377e-164 4.252311143453175842e-29 1.444054195100918811e-111
0.000000000000000000e+00 5.000000000000000000e-01 5.000000000000000000e-01 4.988467670793291720e-38 0.000000000000000000e+00 0.000000000000000000e+00 0.000000000000000000e+00 0.000000000000000000e+00
0.000000000000000000e+00 0.000000000000000000e+00 0.000000000000000000e+00 0.000000000000000000e+00 1.519998365263339429e-35 2.776683375787972949e-55 1.000000000000000000e+00 5.831195628240457871e-19
0.000000000000000000e+00 0.000000000000000000e+00 0.000000000000000000e+00 0.000000000000000000e+00 1.018698390396235960e-114 2.834387383408027138e-81 2.603736814038259989e-30 1.000000000000000000e+00
1.000000000000000000e+00 0.000000000000000000e+00 0.000000000000000000e+00 0.000000000000000000e+00 0.000000000000000000e+00 0.000000000000000000e+00 0.000000000000000000e+00 0.000000000000000000e+00
0.000000000000000000e+00 0.000000000000000000e+00 0.000000000000000000e+00 0.000000000000000000e+00 1.000000000000000000e+00 5.220388359241756384e-87 4.306988563358843447e-33 2.926653819856064059e-120
0.000000000000000000e+00 5.000000000000000000e-01 5.000000000000000000e-01 1.509611689125701506e-85 1.181166277671531752e-206 0.000000000000000000e+00 0.000000000000000000e+00 0.000000000000000000e+00
0.000000000000000000e+00 0.000000000000000000e+00 0.000000000000000000e+00 0.000000000000000000e+00 5.326943258878637423e-30 4.233496713348816184e-76 1.000000000000000000e+00 5.573470420458789783e-26
0.000000000000000000e+00 5.000000000000000000e-01 5.000000000000000000e-01 1.457090061655256505e-164 0.000000000000000000e+00 0.000000000000000000e+00 0.000000000000000000e+00 0.000000000000000000e+00
0.000000000000000000e+00 0.000000000000000000e+00 0.000000000000000000e+00 0.000000000000000000e+00 1.000000000000000000e+00 1.134231829185836158e-117 7.535069143913455243e-28 2.974002010306079165e-114
0.000000000000000000e+00 0.000000000000000000e+00 0.000000000000000000e+00 0.000000000000000000e+00 7.638069611390378461e-21 1.493936707038077209e-77 1.000000000000000000e+00 4.026072306099564721e-33
0.000000000000000000e+00 7.472510408402933982e-67 7.472510408402933982e-67 1.000000000000000000e+00 0.000000000000000000e+00 0.000000000000000000e+00 0.000000000000000000e+00 0.000000000000000000e+00
0.000000000000000000e+00 2.876703477520581487e-72 2.876703477520581487e-72 1.000000000000000000e+00 0.000000000000000000e+00 0.000000000000000000e+00 0.000000000000000000e+00 0.000000000000000000e+00
0.000000000000000000e+00 5.000000000000000000e-01 5.000000000000000000e-01 4.282326719903194962e-73 0.000000000000000000e+00 0.000000000000000000e+00 0.000000000000000000e+00 0.000000000000000000e+00
0.000000000000000000e+00 1.076037222897110984e-75 1.076037222897110984e-75 1.000000000000000000e+00 0.000000000000000000e+00 0.000000000000000000e+00 0.000000000000000000e+00 0.000000000000000000e+00
0.000000000000000000e+00 0.000000000000000000e+00 0.000000000000000000e+00 0.000000000000000000e+00 1.000000000000000000e+00 1.794786601225008010e-143 2.728611682702829447e-17 1.124565544351336225e-86
0.000000000000000000e+00 0.000000000000000000e+00 0.000000000000000000e+00 0.000000000000000000e+00 1.643596626019711124e-18 2.996453955079101948e-53 1.000000000000000000e+00 1.851236853460833233e-34
0.000000000000000000e+00 0.000000000000000000e+00 0.000000000000000000e+00 0.000000000000000000e+00 4.271903929159732801e-33 1.442153000495090248e-84 1.000000000000000000e+00 3.434591409573653266e-22
0.000000000000000000e+00 0.000000000000000000e+00 0.000000000000000000e+00 7.215178138012791407e-237 1.886415172767889504e-23 2.086217780882453642e-69 1.000000000000000000e+00 2.954265671920279120e-33
0.000000000000000000e+00 5.000000000000000000e-01 5.000000000000000000e-01 1.920484242526203383e-84 0.000000000000000000e+00 0.000000000000000000e+00 0.000000000000000000e+00 0.000000000000000000e+00
0.000000000000000000e+00 0.000000000000000000e+00 0.000000000000000000e+00 0.000000000000000000e+00 2.391527222565982058e-108 1.931622608430139381e-83 8.754041439179262310e-28 1.000000000000000000e+00
0.000000000000000000e+00 5.000000000000000000e-01 5.000000000000000000e-01 3.937587314568016938e-103 0.000000000000000000e+00 0.000000000000000000e+00 0.000000000000000000e+00 0.000000000000000000e+00
0.000000000000000000e+00 1.736365670527039236e-97 1.736365670527039236e-97 1.000000000000000000e+00 0.000000000000000000e+00 0.000000000000000000e+00 0.000000000000000000e+00 0.000000000000000000e+00
0.000000000000000000e+00 0.000000000000000000e+00 0.000000000000000000e+00 0.000000000000000000e+00 1.569625338977563061e-26 4.321372675460167990e-99 1.000000000000000000e+00 2.661031415400215325e-29
0.000000000000000000e+00 0.000000000000000000e+00 0.000000000000000000e+00 0.000000000000000000e+00 1.142755821188673157e-117 7.543544521844034665e-60 1.119929118662984047e-33 1.000000000000000000e+00
0.000000000000000000e+00 0.000000000000000000e+00 0.000000000000000000e+00 0.000000000000000000e+00 4.458294973393836192e-89 1.805321568993076838e-104 2.264135818948830912e-18 1.000000000000000000e+00
1.000000000000000000e+00 0.000000000000000000e+00 0.000000000000000000e+00 0.000000000000000000e+00 0.000000000000000000e+00 0.000000000000000000e+00 0.000000000000000000e+00 0.000000000000000000e+00
0.000000000000000000e+00 5.000000000000000000e-01 5.000000000000000000e-01 6.342520167119850853e-91 0.000000000000000000e+00 0.000000000000000000e+00 0.000000000000000000e+00 0.000000000000000000e+00
0.000000000000000000e+00 5.000000000000000000e-01 5.000000000000000000e-01 9.380428484548794418e-93 0.000000000000000000e+00 0.000000000000000000e+00 0.000000000000000000e+00 0.000000000000000000e+00
1.000000000000000000e+00 0.000000000000000000e+00 0.000000000000000000e+00 0.000000000000000000e+00 0.000000000000000000e+00 0.000000000000000000e+00 0.000000000000000000e+00 0.000000000000000000e+00
0.000000000000000000e+00 0.000000000000000000e+00 0.000000000000000000e+00 0.000000000000000000e+00 1.856846691626769144e-19 9.830442026084099226e-55 1.000000000000000000e+00 3.036731123394748225e-35
0.000000000000000000e+00 5.000000000000000000e-01 5.000000000000000000e-01 4.402485603618751189e-126 0.000000000000000000e+00 0.000000000000000000e+00 0.000000000000000000e+00 0.000000000000000000e+00
0.000000000000000000e+00 0.000000000000000000e+00 0.000000000000000000e+00 0.000000000000000000e+00 5.475269464957725872e-96 2.870106288360247878e-89 2.595823675850767267e-21 1.000000000000000000e+00
0.000000000000000000e+00 0.000000000000000000e+00 0.000000000000000000e+00 0.000000000000000000e+00 1.000000000000000000e+00 2.541550366227892170e-47 1.503330717507473556e-29 3.525640626692053764e-112
0.000000000000000000e+00 0.000000000000000000e+00 0.000000000000000000e+00 0.000000000000000000e+00 1.000000000000000000e+00 6.715664188280280907e-116 7.533323724792986846e-24 8.769320870103513836e-103
0.000000000000000000e+00 2.957968368419492192e-107 2.957968368419492192e-107 1.000000000000000000e+00 0.000000000000000000e+00 0.000000000000000000e+00 0.000000000000000000e+00 0.000000000000000000e+00
0.000000000000000000e+00 0.000000000000000000e+00 0.000000000000000000e+00 0.000000000000000000e+00 1.000000000000000000e+00 6.443586756628339440e-71 2.338914719479464804e-23 1.922100459376555727e-94
0.000000000000000000e+00 0.000000000000000000e+00 0.000000000000000000e+00 0.000000000000000000e+00 7.268195275158378957e-116 1.000000000000000000e+00 7.315824496585898208e-83 4.509031459380327079e-103
0.000000000000000000e+00 5.000000000000000000e-01 5.000000000000000000e-01 1.934274761166605733e-126 0.000000000000000000e+00 0.000000000000000000e+00 0.000000000000000000e+00 0.000000000000000000e+00
