0.0 1.4171947425197481e-67 1.4171947425197481e-67 1.0 0.0 0.0 0.0 0.0 
0.0 0.0 0.0 0.0 1.0 4.410446372715064e-71 4.749747334399779e-28 1.8916850251580326e-109 
0.0 0.0 0.0 0.0 1.0 3.547390382604999e-76 2.8501628195959016e-30 4.725079152227894e-112 
0.0 1.1825877073234112e-54 1.1825877073234112e-54 1.0 0.0 0.0 0.0 0.0 
0.0 0.5 0.5 6.203479848918576e-80 2.4655325007918097e-184 0.0 0.0 0.0 
0.0 7.63782265965797e-112 7.63782265965797e-112 1.0 4.18443033553609e-146 0.0 0.0 0.0 
1.0 0.0 0.0 0.0 0.0 0.0 0.0 0.0 
0.0 0.0 0.0 0.0 2.1053837007174793e-87 1.0 3.5568363057870783e-69 2.4352246829809454e-104 
0.0 0.5 0.5 1.7311753047013518e-101 0.0 0.0 0.0 0.0 
0.0 0.0 0.0 0.0 1.0 2.7337955858018304e-153 4.5967778303457554e-27 2.991851168358656e-103 
0.0 0.0 0.0 0.0 1.0 0.0 1.545837053873402e-34 7.622509210278969e-123 
0.0 0.0 0.0 0.0 1.401069403975094e-113 8.635898584706891e-148 2.5664936074277365e-33 1.0 
0.0 0.0 0.0 0.0 3.851667465359339e-110 1.0 1.1710486559778484e-79 3.2802814370029566e-103 
0.0 0.0 0.0 0.0 6.716710763638379e-107 3.628723588375706e-60 3.9323367105163084e-28 1.0 
0.0 0.0 0.0 0.0 2.1328977977761382e-110 1.5033811052067641e-65 6.880480122358913e-29 1.0 
1.0 0.0 0.0 0.0 0.0 0.0 0.0 0.0 
0.0 0.0 0.0 0.0 1.043418684018314e-21 1.5355057764185338e-95 1.0 4.217503263478097e-34 
0.0 0.0 0.0 0.0 3.300691157542643e-110 1.0 1.8254555075910311e-68 5.3529234048724073e-79 
0.0 0.5 0.5 5.746038730134265e-66 0.0 0.0 0.0 0.0 
0.0 0.5 0.5 8.787637517031361e-105 0.0 0.0 0.0 0.0 
0.0 0.0 0.0 0.0 1.1868187751734068e-36 3.816527661000893e-51 1.0 4.841087465894857e-19 
0.0 0.0 0.0 0.0 1.0 4.310321553040363e-92 1.2157291356749305e-28 1.2603954777627418e-113 
0.0 0.5 0.5 1.0327290636351966e-123 0.0 0.0 0.0 0.0 
0.0 0.5 0.5 1.8058086576696603e-62 0.0 0.0 0.0 0.0 
0.0 0.5 0.5 1.0802748757823653e-53 0.0 0.0 0.0 0.0 
0.0 0.0 0.0 0.0 1.957861821938815e-115 1.8791082184900676e-98 7.05136160953629e-32 1.0 
0.0 0.5 0.5 5.449754943875094e-71 0.0 0.0 0.0 0.0 
0.0 0.5 0.5 4.854030255595804e-70 0.0 0.0 0.0 0.0 
1.0 0.0 0.0 0.0 0.0 0.0 0.0 0.0 
0.0 1.3604375409546305e-113 1.3604375409546305e-113 1.0 9.993393594357844e-203 0.0 0.0 0.0 
0.0 0.0 0.0 0.0 1.8971333389325665e-112 6.825144052183326e-119 1.7224817597309725e-30 1.0 
0.0 0.0 0.0 0.0 1.1803539119841702e-34 1.6927845791221936e-116 1.0 1.588310157628578e-20 
0.0 0.5 0.5 0.0 0.0 0.0 0.0 0.0 
0.0 0.5 0.5 2.1402727069987608e-95 0.0 0.0 0.0 0.0 
0.0 0.0 0.0 0.0 6.580087469599447e-89 1.0 1.4539621772074343e-62 6.326022741437519e-95 
0.0 0.5 0.5 9.48827711636874e-59 0.0 0.0 0.0 0.0 
1.0 0.0 0.0 0.0 0.0 0.0 0.0 0.0 
0.0 0.0 0.0 0.0 4.910865601290663e-96 7.901932174599408e-127 2.6516760479996205e-22 1.0 
1.0 0.0 0.0 0.0 0.0 0.0 0.0 0.0 
0.0 0.0 0.0 0.0 7.951611862493295e-99 1.5232134261654114e-50 2.3079373447017513e-22 1.0 
0.0 0.0 0.0 0.0 1.0 7.782179554481515e-164 2.8299410838256e-31 1.1487180444114593e-117 
0.0 0.0 0.0 4.926124381427574e-132 1.0 5.586819629945196e-71 8.72478104421217e-26 1.3656087248399428e-103 
0.0 0.0 0.0 0.0 6.0793612354813114e-136 1.0 1.5444639885421386e-71 1.8521802282820127e-62 
0.0 0.5 0.5 0.0 0.0 0.0 0.0 0.0 
0.0 0.0 0.0 0.0 1.1056726191354721e-31 2.1054221881198286e-71 1.0 7.810927635867006e-20 
0.0 0.0 0.0 0.0 1.0 1.360426716570528e-188 4.8494585203377363e-26 7.217301220425882e-103 
0.0 0.0 0.0 0.0 1.0 1.2125759200040469e-111 1.0376183689888703e-25 9.262366922046855e-106 
0.0 0.0 0.0 0.0 3.3570997631866456e-33 1.6074544098870211e-108 1.0 9.588463141868975e-22 
0.0 0.5 0.5 4.4556271988705045e-82 0.0 0.0 0.0 0.0 
0.0 0.0 0.0 0.0 1.6119792791874325e-117 1.0 2.6760954065550867e-66 1.6056245169318586e-68 
0.0 0.0 0.0 0.0 6.1543669889381905e-86 1.4197120350884496e-73 7.453721323103767e-16 0.9999999999999993 
0.0 0.5 0.5 6.42144132661963e-76 0.0 0.0 0.0 0.0 
0.0 0.0 0.0 0.0 1.0013595943414559e-101 2.3985051459435067e-110 2.3045623772772997e-23 1.0 
0.0 0.0 0.0 0.0 1.0260542115425828e-26 9.733015688076044e-70 1.0 2.9845486490248495e-26 
1.0 0.0 0.0 0.0 0.0 0.0 0.0 0.0 
0.0 0.0 0.0 0.0 1.0 3.867243482638747e-152 3.4288890014925226e-25 1.565136555559893e-104 
1.0 0.0 0.0 0.0 0.0 0.0 0.0 0.0 
0.0 0.0 0.0 0.0 1.805245637424048e-96 1.0 4.282901892453608e-77 3.5478122849389967e-112 
0.0 0.5 0.5 7.431946016492445e-164 0.0 0.0 0.0 0.0 
0.0 0.0 0.0 0.0 2.4115401947873196e-21 2.90643696604392e-58 1.0 4.3950823191524824e-33 
0.0 0.0 0.0 0.0 3.178573650177523e-80 1.0 1.8480546381110312e-48 1.857116551245866e-69 
0.0 0.0 0.0 4.9074576047762684e-191 1.0 2.5455910396034822e-157 4.784751739051563e-29 3.4629422752386235e-112 
0.0 0.5 0.5 0.0 0.0 0.0 0.0 0.0 
0.0 0.0 0.0 0.0 4.0576701257548553e-101 1.0 1.4306497985748966e-58 2.337445597807805e-68 
0.0 0.0 0.0 0.0 7.735892818747239e-84 1.0 3.353684021312935e-55 3.047880376501493e-85 
0.0 0.0 0.0 0.0 1.0 1.6220753016256558e-86 2.244888243890826e-18 7.97216692891358e-93 
0.0 0.0 0.0 0.0 2.259000565446267e-29 3.089137751735155e-62 1.0 3.7536311332225764e-27 
0.0 0.0 0.0 0.0 3.34020517737316e-123 1.5241803862946145e-106 1.2060375104942428e-35 1.0 
0.0 0.0 0.0 0.0 1.0469546370084812e-23 4.371339616260349e-104 1.0 1.0848454199653356e-30 
0.0 0.0 0.0 0.0 6.31268961949351e-94 1.699077664391179e-78 2.981346133266474e-21 1.0 
0.0 0.0 0.0 0.0 1.0 0.0 1.598797263458176e-33 1.0123267452794174e-118 
0.0 0.0 0.0 0.0 2.7354200230965575e-98 1.0 2.7643166297159965e-58 3.557964120373743e-71 
0.0 0.5 0.5 9.946290881104959e-71 0.0 0.0 0.0 0.0 
0.0 0.0 0.0 0.0 7.733200452442156e-97 3.568043907445881e-47 2.1868508961518505e-21 1.0 
0.0 0.0 0.0 0.0 0.0 1.0 7.5850618733654105e-90 1.131409841989457e-87 
1.0 0.0 0.0 0.0 0.0 0.0 0.0 0.0 
0.0 0.0 0.0 0.0 1.4426658585127033e-96 2.0942622907107175e-54 1.6336345517222766e-20 1.0 
1.0 0.0 0.0 0.0 0.0 0.0 0.0 0.0 
0.0 0.5 0.5 1.706187184479137e-76 0.0 0.0 0.0 0.0 
0.0 0.5 0.5 1.4932762276634518e-53 0.0 0.0 0.0 0.0 
1.0 0.0 0.0 0.0 0.0 0.0 0.0 0.0 
0.0 0.0 0.0 0.0 3.962312939150038e-111 1.0 1.5667034196940452e-76 1.9861165829985828e-100 
0.0 0.0 0.0 0.0 2.3064624266432957e-104 1.0 6.533934082683274e-95 9.176066824661713e-136 
0.0 0.5 0.5 1.4340786346262876e-58 0.0 0.0 0.0 0.0 
0.0 0.0 0.0 0.0 2.941838360770835e-21 1.9414091898621352e-82 1.0 6.114504112381461e-30 
0.0 0.5 0.5 2.628843217105536e-108 0.0 0.0 0.0 0.0 
0.0 0.5 0.5 5.309767969611003e-87 0.0 0.0 0.0 0.0 
0.0 0.5 0.5 3.1507668221321523e-136 0.0 0.0 0.0 0.0 
0.0 0.0 0.0 0.0 2.1764028470717774e-146 1.0 1.4414783131642014e-75 5.547155748063754e-59 
0.0 0.0 0.0 0.0 1.0 2.7099901319234646e-98 9.100886840213745e-28 7.402551979577227e-111 
0.0 0.0 0.0 0.0 1.0 1.1547384597243218e-71 3.420377964240304e-26 1.1397097694002968e-106 
0.0 0.0 0.0 0.0 3.14781873484113e-29 1.8561148383006742e-94 1.0 1.2051878912045484e-23 
0.0 2.030571513673595e-48 2.030571513673595e-48 1.0 0.0 0.0 0.0 0.0 
0.0 0.0 0.0 0.0 7.070034908312577e-25 5.333953224462568e-91 1.0 6.112130413250823e-28 
0.0 0.5 0.5 1.2915075317044868e-94 0.0 0.0 0.0 0.0 
0.0 0.0 0.0 0.0 1.0 1.5681484722975008e-53 1.4885328435926107e-19 1.8969663824807157e-92 
0.0 0.0 0.0 0.0 1.7443119457728748e-20 1.1618215861798151e-73 1.0 2.328334605520166e-33 
1.0 0.0 0.0 0.0 0.0 0.0 0.0 0.0 
0.0 0.5 0.5 5.975400101206603e-81 0.0 0.0 0.0 0.0 
1.0 0.0 0.0 0.0 0.0 0.0 0.0 0.0 
1.0 0.0 0.0 0.0 0.0 0.0 0.0 0.0 
0.0 0.0 0.0 0.0 4.196176134196889e-108 0.0 2.10024855985267e-27 1.0 
1.0 0.0 0.0 0.0 0.0 0.0 0.0 0.0 
0.0 8.90088159741293e-70 8.90088159741293e-70 1.0 0.0 0.0 0.0 0.0 
0.0 0.5 0.5 3.313478999809774e-85 0.0 0.0 0.0 0.0 
0.0 0.0 0.0 0.0 1.5135980117194064e-115 1.0 2.3111153600817806e-50 1.4224627614788077e-38 
0.0 0.5 0.5 1.2705909080161634e-42 0.0 0.0 0.0 0.0 
1.0 0.0 0.0 0.0 0.0 0.0 0.0 0.0 
0.0 0.0 0.0 0.0 2.222815961373468e-21 3.003065234832143e-93 1.0 1.0213131187542725e-31 
0.0 0.5 0.5 1.6467433081841544e-28 0.0 0.0 0.0 0.0 
0.0 0.5 0.5 1.6503069090150282e-38 0.0 0.0 0.0 0.0 
0.0 0.5 0.5 1.3276011673862644e-60 0.0 0.0 0.0 0.0 
0.0 7.522119013475998e-102 7.522119013475998e-102 1.0 0.0 0.0 0.0 0.0 
0.0 0.5 0.5 4.63281909161129e-111 0.0 0.0 0.0 0.0 
0.0 0.0 0.0 0.0 1.04175478414787e-27 2.895419796911241e-100 1.0 7.644057501206161e-31 
0.0 0.5 0.5 9.54458841379733e-48 0.0 0.0 0.0 0.0 
0.0 0.0 0.0 0.0 2.1741812316918433e-26 3.5493372902762648e-96 1.0 8.466314488660965e-25 
0.0 0.5 0.5 2.441448245214226e-77 0.0 0.0 0.0 0.0 
0.0 0.0 0.0 0.0 3.098700865311908e-116 1.1269594200729756e-74 2.1502407468152442e-32 1.0 
0.0 1.4724056544495973e-120 1.4724056544495973e-120 1.0 2.249185578233193e-239 0.0 0.0 0.0 
0.0 0.0 0.0 0.0 1.0 4.884539685492091e-128 1.1768906844348414e-26 1.0867301434579108e-110 
0.0 0.0 0.0 0.0 1.0 9.892851400379525e-70 2.9731820769362505e-37 4.377249109480054e-120 
0.0 0.0 0.0 0.0 1.754711032896974e-110 8.665183670632042e-51 3.0247222931463966e-28 1.0 
0.0 0.0 0.0 0.0 6.935738658609018e-99 1.5782357359967074e-121 3.8937785246940965e-24 1.0 
1.0 0.0 0.0 0.0 0.0 0.0 0.0 0.0 
1.0 0.0 0.0 0.0 0.0 0.0 0.0 0.0 
0.0 0.5 0.5 8.742739772113444e-88 0.0 0.0 0.0 0.0 
0.0 1.9565003804403326e-107 1.9565003804403326e-107 1.0 0.0 0.0 0.0 0.0 
0.0 0.0 0.0 0.0 1.600402074212258e-64 1.0 5.171979061284501e-38 2.228037646713178e-63 
0.0 0.0 0.0 0.0 1.86499902074839e-26 2.8085304388504444e-84 1.0 1.2947108494460853e-26 
0.0 0.0 0.0 0.0 1.0 3.098836472574997e-127 6.630427951289453e-27 8.120656178992992e-120 
0.0 0.0 0.0 0.0 2.5542767080491518e-110 1.0 7.635451546523295e-44 2.033781911635534e-32 
0.0 0.0 0.0 0.0 1.563221496625519e-99 1.0189293405578555e-96 1.9533871036250922e-24 1.0 
0.0 0.0 0.0 0.0 3.5353815041288304e-23 6.037998501074591e-67 1.0 1.2444942124789258e-31 
0.0 5.971841217312933e-75 5.971841217312933e-75 1.0 0.0 0.0 0.0 0.0 
0.0 0.0 0.0 0.0 6.32610899059111e-30 1.1305634807727776e-39 1.0 2.0193888232681052e-25 
0.0 0.5 0.5 1.815173498796652e-82 0.0 0.0 0.0 0.0 
0.0 0.0 0.0 0.0 8.479518757548705e-122 2.1609103456238e-29 7.232874034470602e-36 1.0 
0.0 0.0 0.0 0.0 1.5917783300961232e-29 1.5856578646930946e-63 1.0 1.7519323127730646e-23 
1.0 0.0 0.0 0.0 0.0 0.0 0.0 0.0 
0.0 0.0 0.0 0.0 7.113759485111188e-104 2.3435214144652678e-94 6.786467834691421e-26 1.0 
0.0 0.0 0.0 8.051211756882454e-172 1.0 1.526783083251478e-68 1.746340121409998e-30 1.5759557033526504e-112 
0.0 3.785562887977638e-59 3.785562887977638e-59 1.0 0.0 0.0 0.0 0.0 
0.0 0.0 0.0 0.0 3.7542371304503324e-112 6.2309791235083885e-86 3.558558284179754e-30 1.0 
0.0 0.0 0.0 1.402621902559839e-173 1.0 1.0399356280492913e-78 1.8781433965146015e-28 1.6185897235496513e-108 
1.0 0.0 0.0 0.0 0.0 0.0 0.0 0.0 
0.0 0.0 0.0 0.0 1.0 4.033850414604811e-134 1.2845515096489481e-29 3.310497855315939e-113 
0.0 0.5 0.5 3.926383408285424e-32 1.8914468931174312e-205 0.0 0.0 0.0 
1.0 0.0 0.0 0.0 0.0 0.0 0.0 0.0 
0.0 0.0 0.0 0.0 3.227280784628222e-32 9.848482624510992e-97 1.0 1.0016995055115424e-21 
0.0 0.0 0.0 0.0 2.3368819751284508e-32 1.7783062065289402e-72 1.0 7.954595995524711e-20 
0.0 0.0 0.0 0.0 5.693054417811491e-115 7.983031061660112e-123 4.8903389359677466e-32 1.0 
0.0 0.0 0.0 0.0 1.0 3.2527798950739416e-114 1.0142491283703115e-29 1.6014558609938723e-110 
0.0 0.0 0.0 0.0 1.1351197167060388e-27 3.8566337333549386e-98 1.0 1.0610521464255654e-28 
0.0 0.5 0.5 6.848280043349094e-73 0.0 0.0 0.0 0.0 
0.0 0.0 0.0 0.0 3.928255881292462e-21 1.3163973499291617e-98 1.0 1.930828267305191e-36 
0.0 0.0 0.0 0.0 1.0 2.016575915646189e-143 1.1111533542840742e-27 1.3957247773844634e-108 
0.0 0.0 0.0 0.0 2.1775276189989476e-28 8.770462167832177e-47 1.0 1.6646627288502916e-25 
0.0 0.0 0.0 0.0 6.136443661189862e-108 1.0 3.801623388209647e-72 1.6131755413458736e-93 
0.0 0.5 0.5 1.257408897024524e-61 0.0 0.0 0.0 0.0 
1.0 0.0 0.0 0.0 0.0 0.0 0.0 0.0 
0.0 0.0 0.0 0.0 1.5515494914576754e-70 1.0 1.1927179831746508e-64 8.213157735258004e-113 
0.0 0.0 0.0 0.0 6.534034661384627e-95 1.0 3.467541464020903e-61 6.0625763173840304e-86 
0.0 0.5 0.5 1.4733537173804073e-74 0.0 0.0 0.0 0.0 
0.0 3.1624111036388923e-87 3.1624111036388923e-87 1.0 0.0 0.0 0.0 0.0 
0.0 0.0 0.0 1.585799025344606e-301 2.398923980098966e-21 1.0835891596934347e-99 1.0 7.340930770051761e-32 
1.0 0.0 0.0 0.0 0.0 0.0 0.0 0.0 
1.0 0.0 0.0 0.0 0.0 0.0 0.0 0.0 
0.0 0.0 0.0 0.0 2.9813731481383523e-94 3.983905102237795e-46 1.1554859796389414e-20 1.0 
0.0 0.0 0.0 0.0 5.193285890122073e-64 1.0 1.8554337672182198e-49 3.0449248009809085e-89 
0.0 0.0 0.0 0.0 6.411235922258328e-116 3.6593847444808634e-142 1.0725361833613032e-32 1.0 
0.0 0.0 0.0 0.0 2.3631220034476135e-82 1.0 3.933269325328135e-45 1.807187531962438e-62 
0.0 0.0 0.0 0.0 2.12731660595489e-123 3.167787226842431e-54 2.4814943383420245e-36 1.0 
0.0 0.0 0.0 0.0 6.894676707753406e-96 1.4406307994836955e-84 7.647877329884589e-22 1.0 
0.0 0.0 0.0 0.0 3.3137011562548324e-88 4.9211449451080445e-74 1.820600924912211e-17 1.0 
0.0 0.5 0.5 5.955798904058515e-74 0.0 0.0 0.0 0.0 
0.0 0.5 0.5 1.431360102332004e-68 0.0 0.0 0.0 0.0 
0.0 0.5 0.5 4.584439973526282e-87 0.0 0.0 0.0 0.0 
0.0 0.5 0.5 3.385269039872031e-113 0.0 0.0 0.0 0.0 
0.0 4.4584967545067064e-66 4.4584967545067064e-66 1.0 0.0 0.0 0.0 0.0 
0.0 0.5 0.5 9.919917231444835e-29 0.0 0.0 0.0 0.0 
0.0 2.2542812914107076e-75 2.2542812914107076e-75 1.0 0.0 0.0 0.0 0.0 
0.0 0.0 0.0 0.0 1.0 0.0 8.863161928435858e-37 1.1796461796657182e-124 
0.0 2.1983752027747813e-125 2.1983752027747813e-125 1.0 6.526720468266067e-172 0.0 0.0 0.0 
0.0 0.5 0.5 7.726191589334277e-84 0.0 0.0 0.0 0.0 
0.0 0.0 0.0 0.0 1.0 1.764047848770159e-141 7.699175645756188e-26 4.60431652078046e-103 
0.0 0.5 0.5 5.712151937684274e-66 0.0 0.0 0.0 0.0 
0.0 0.0 0.0 0.0 3.86960652824831e-24 6.07438845867191e-92 1.0 2.5422478966415036e-33 
0.0 0.0 0.0 0.0 1.197022558819467e-26 5.321683462099249e-53 1.0 2.888463061840387e-29 
0.0 0.5 0.5 1.6868470386178482e-108 0.0 0.0 0.0 0.0 
0.0 0.0 0.0 0.0 7.91403559862554e-122 1.0 1.1450437357974522e-84 1.1221877397552933e-98 
0.0 0.0 0.0 0.0 1.3445379076754422e-160 1.0 2.249646793136181e-105 4.603955940999427e-103 
0.0 0.0 0.0 0.0 1.3222517952193396e-129 1.0 6.414721859639218e-64 4.0646688024482443e-48 
0.0 2.6104416481082555e-145 2.6104416481082555e-145 1.0 0.0 0.0 0.0 0.0 
0.0 0.5 0.5 1.6506004344288012e-97 0.0 0.0 0.0 0.0 
0.0 0.0 0.0 0.0 1.5671951916196513e-71 1.0 3.216833568951683e-57 1.3594840179005913e-96 
0.0 0.5 0.5 4.442481976270073e-76 0.0 0.0 0.0 0.0 
1.0 0.0 0.0 0.0 0.0 0.0 0.0 0.0 
0.0 0.0 0.0 1.2353189407153519e-117 1.0 4.7320809433878425e-148 1.3525154446559484e-22 1.6821594001007525e-95 
1.0 0.0 0.0 0.0 0.0 0.0 0.0 0.0 
0.0 5.113419376472494e-88 5.113419376472494e-88 1.0 0.0 0.0 0.0 0.0 
0.0 2.4707899600794377e-52 2.4707899600794377e-52 1.0 0.0 0.0 0.0 0.0 
0.0 0.5 0.5 4.210094552117115e-112 0.0 0.0 0.0 0.0 
0.0 0.5 0.5 5.123630966203648e-97 0.0 0.0 0.0 0.0 
0.0 0.5 0.5 1.9016258982012163e-80 0.0 0.0 0.0 0.0 
0.0 4.6500643509305126e-76 4.6500643509305126e-76 1.0 0.0 0.0 0.0 0.0 
0.0 2.605240127818848e-132 2.605240127818848e-132 1.0 0.0 0.0 0.0 0.0 
0.0 0.5 0.5 2.0234867940446572e-70 0.0 0.0 0.0 0.0 
0.0 0.0 0.0 0.0 7.480461009843537e-98 6.316848585364876e-52 4.6406044512361274e-21 1.0 
0.0 0.5 0.5 3.4717427647187466e-70 0.0 0.0 0.0 0.0 
0.0 0.5 0.5 8.992344599715664e-130 0.0 0.0 0.0 0.0 
0.0 6.814958290554402e-63 6.814958290554402e-63 1.0 0.0 0.0 0.0 0.0 
0.0 0.0 0.0 0.0 1.0 1.753841720004614e-185 1.720703967702033e-27 5.099458514049516e-105 
0.0 0.0 0.0 0.0 2.36292733624926e-25 3.4389981475982217e-18 1.0 1.5648387928043344e-27 
0.0 7.507175460379648e-72 7.507175460379648e-72 1.0 0.0 0.0 0.0 0.0 
0.0 0.0 0.0 0.0 1.0 7.599220384831244e-53 7.197471147363433e-31 3.177876953783256e-115 
0.0 0.0 0.0 1.3221991429504748e-271 3.936658009518928e-25 6.096385582348456e-95 1.0 3.0044076519235776e-29 
0.0 7.63300304011867e-57 7.63300304011867e-57 1.0 0.0 0.0 0.0 0.0 
0.0 0.0 0.0 0.0 1.0 3.260208560523862e-71 7.458444858198618e-25 3.025931168833026e-104 
0.0 0.5 0.5 3.2093592175184245e-63 0.0 0.0 0.0 0.0 
0.0 0.0 0.0 0.0 4.779055012089525e-103 1.6952376262984343e-83 3.627594020290825e-27 1.0 
0.0 0.0 0.0 0.0 5.817368222301471e-17 3.817724813369334e-65 1.0 1.5086771256563562e-37 
0.0 0.5 0.5 3.4402798444679063e-40 0.0 0.0 0.0 0.0 
0.0 0.0 0.0 0.0 7.986535438008781e-113 4.3073005817770224e-100 3.735528294075304e-30 1.0 
0.0 0.0 0.0 0.0 1.0067778920430237e-106 2.0080592986485735e-52 2.0823304295152045e-26 1.0 
1.0 0.0 0.0 0.0 0.0 0.0 0.0 0.0 
0.0 0.0 0.0 0.0 5.664987352224573e-32 1.1678684130310824e-137 1.0 5.48046841359211e-21 
0.0 0.0 0.0 0.0 2.8253992345063163e-27 1.2478890159383827e-69 1.0 4.829864901044807e-25 
0.0 0.0 0.0 2.349899560765741e-145 1.0 1.4779766428546214e-128 3.923334903649169e-27 7.65278699243648e-107 
1.0 0.0 0.0 0.0 0.0 0.0 0.0 0.0 
0.0 0.0 0.0 0.0 3.493880315683943e-104 6.3817248961019e-124 5.388452588977333e-26 1.0 
0.0 0.5 0.5 1.2901742221377964e-89 0.0 0.0 0.0 0.0 
0.0 0.5 0.5 1.7083283363038511e-109 0.0 0.0 0.0 0.0 
1.0 0.0 0.0 0.0 0.0 0.0 0.0 0.0 
0.0 0.0 0.0 0.0 1.0 3.3926200991864746e-83 6.629572088782001e-21 5.190544055978805e-94 
0.0 0.0 0.0 0.0 2.7112186497608724e-52 0.9999999999999989 1.0986323449282066e-15 2.634398528899152e-31 
0.0 0.0 0.0 0.0 1.580448796574837e-132 1.0 4.314696762973521e-74 1.6592869121921296e-69 
0.0 0.0 0.0 0.0 1.0 8.538959797260894e-70 4.444911311603673e-25 1.5133804808366834e-104 
0.0 2.6523930853240763e-63 2.6523930853240763e-63 1.0 0.0 0.0 0.0 0.0 
0.0 0.5 0.5 1.365240281023467e-146 0.0 0.0 0.0 0.0 
0.0 8.905732940978941e-77 8.905732940978941e-77 1.0 0.0 0.0 0.0 0.0 
0.0 0.0 0.0 0.0 1.0 1.6023031127311488e-112 8.396687576427348e-31 6.943829193898623e-113 
0.0 0.0 0.0 0.0 1.0 1.4572942732034289e-131 1.6952616730117558e-23 5.175612831037052e-103 
0.0 0.0 0.0 0.0 1.007016464619294e-39 2.005017178557443e-49 0.9999999999999993 6.359394087753373e-16 
0.0 0.0 0.0 0.0 1.5831192141715572e-109 1.597284444959823e-105 3.8366551785425524e-29 1.0 
0.0 1.5955888447082538e-67 1.5955888447082538e-67 1.0 0.0 0.0 0.0 0.0 
0.0 0.0 0.0 0.0 0.0 1.0 4.349143038284859e-102 3.18014909524583e-98 
0.0 0.0 0.0 0.0 1.0086235655970238e-98 3.83785536468721e-86 1.9913303278223608e-24 1.0 
0.0 0.0 0.0 0.0 1.1700605456765696e-114 2.0921183773045574e-63 1.841813163724388e-30 1.0 
0.0 0.0 0.0 0.0 1.0 9.44376637252364e-66 2.638288477970929e-28 2.9484045168428064e-109 
0.0 0.5 0.5 1.3364414068078873e-71 0.0 0.0 0.0 0.0 
0.0 0.0 0.0 0.0 8.243460820843004e-30 1.0497107414910191e-65 1.0 5.714954434892363e-29 
0.0 0.5 0.5 0.0 0.0 0.0 0.0 0.0 
1.0 0.0 0.0 0.0 0.0 0.0 0.0 0.0 
0.0 5.775468646216677e-57 5.775468646216677e-57 1.0 7.940668153387406e-113 1.3402594016589482e-197 1.7943225013436173e-170 3.547802565709568e-285 
0.0 0.0 0.0 0.0 1.0 0.0 3.235887454997037e-27 1.716178807398893e-108 
0.0 0.5 0.5 1.4108765562507311e-65 0.0 0.0 0.0 0.0 
0.0 0.5 0.5 1.2585373480151646e-90 0.0 0.0 0.0 0.0 
0.0 0.5 0.5 2.0172842730226136e-53 0.0 0.0 0.0 0.0 
0.0 0.0 0.0 0.0 7.589374923839446e-106 1.6822134715278514e-146 5.601215047270684e-26 1.0 
0.0 0.0 0.0 0.0 1.0 1.4299573727378657e-61 1.7980646459866908e-26 1.0961833744779041e-104 
0.0 0.0 0.0 0.0 3.466229056982087e-105 4.43070300230843e-137 3.41271126041556e-25 1.0 
0.0 2.076841741046942e-80 2.076841741046942e-80 1.0 0.0 0.0 0.0 0.0 
1.0 0.0 0.0 0.0 0.0 0.0 0.0 0.0 
0.0 0.0 0.0 0.0 0.0 1.0 0.0 9.714035594565021e-90 
0.0 0.0 0.0 0.0 6.196043923735693e-97 8.516183841197989e-102 3.5335338054014695e-23 1.0 
0.0 0.0 0.0 0.0 3.124359058420488e-26 3.74545645070361e-31 1.0 1.0633759031048051e-27 
0.0 0.0 0.0 0.0 7.481254240607363e-95 1.0 4.820913007821601e-56 3.177021667618898e-71 
0.0 0.5 0.5 1.0099350701613534e-120 0.0 0.0 0.0 0.0 
0.0 0.0 0.0 0.0 4.6067718466418284e-150 1.0 2.6341714678462985e-127 4.222181720365965e-157 
0.0 0.5 0.5 3.342684625850341e-123 0.0 0.0 0.0 0.0 
0.0 0.0 0.0 0.0 1.0 5.202886028703311e-92 6.230793614058077e-25 2.4651022739127648e-105 
0.0 0.5 0.5 6.595721025903295e-157 0.0 0.0 0.0 0.0 
0.0 0.0 0.0 0.0 1.0 0.0 1.1004709038345087e-28 5.712345689577311e-109 
0.0 0.5 0.5 2.385167197967763e-97 0.0 0.0 0.0 0.0 
0.0 0.0 0.0 0.0 1.0854647845651561e-36 5.528341845806197e-54 1.0 6.310463041997953e-19 
0.0 0.0 0.0 3.1724962631069367e-118 1.0 0.0 3.675030250913051e-32 2.550261632057882e-115 
0.0 8.19570423167529e-99 8.19570423167529e-99 1.0 0.0 0.0 0.0 0.0 
0.0 0.5 0.5 1.699477735278161e-83 0.0 0.0 0.0 0.0 
0.0 0.5 0.5 1.0539137365869114e-61 0.0 0.0 0.0 0.0 
0.0 0.5 0.5 2.3654146934861684e-79 0.0 0.0 0.0 0.0 
0.0 0.0 0.0 0.0 1.4165368436180882e-105 3.6339383378727627e-96 3.185889578420691e-26 1.0 
0.0 0.5 0.5 4.012840507987457e-137 0.0 0.0 0.0 0.0 
1.0 0.0 0.0 0.0 0.0 0.0 0.0 0.0 
0.0 0.5 0.5 3.967541487797516e-84 0.0 0.0 0.0 0.0 
1.0 0.0 0.0 0.0 0.0 0.0 0.0 0.0 
1.0 0.0 0.0 0.0 0.0 0.0 0.0 0.0 
0.0 0.0 0.0 0.0 5.5909057859913006e-27 2.656008156686017e-60 1.0 3.236646643645811e-27 
0.0 0.5 0.5 2.450306766874225e-69 0.0 0.0 0.0 0.0 
0.0 0.0 0.0 0.0 6.809722255542197e-26 1.2219475238381221e-74 1.0 2.288678738244246e-25 
0.0 2.9107800221792023e-78 2.9107800221792023e-78 1.0 0.0 0.0 0.0 0.0 
0.0 3.920235100082316e-72 3.920235100082316e-72 1.0 0.0 0.0 0.0 0.0 
0.0 0.0 0.0 0.0 5.073786526324735e-96 2.8828313090302674e-77 6.14272962419341e-21 1.0 
0.0 0.5 0.5 8.930488039028022e-55 0.0 0.0 0.0 0.0 
0.0 0.0 0.0 0.0 0.0 1.0 1.3895057197899542e-114 1.4855726513270597e-97 
0.0 6.0328649659501995e-52 6.0328649659501995e-52 1.0 0.0 0.0 0.0 0.0 
1.0 0.0 0.0 0.0 0.0 0.0 0.0 0.0 
0.0 0.0 0.0 0.0 1.1022972761628488e-16 2.5834662927487144e-100 0.9999999999999998 6.763034090356852e-38 
0.0 0.0 0.0 0.0 1.093902396025702e-105 1.866650865987742e-68 5.636639967764492e-26 1.0 
0.0 1.5040183966073455e-54 1.5040183966073455e-54 1.0 0.0 0.0 0.0 0.0 
0.0 0.5 0.5 4.1565804854947786e-54 0.0 0.0 0.0 0.0 
1.0 0.0 0.0 0.0 0.0 0.0 0.0 0.0 
0.0 0.0 0.0 0.0 1.5929580457832107e-47 1.0 1.5326828632126774e-32 2.642280848881639e-73 
0.0 0.5 0.5 1.0158425492214382e-44 0.0 0.0 0.0 0.0 
0.0 0.5 0.5 1.0683003799384143e-58 0.0 0.0 0.0 0.0 
0.0 0.5 0.5 5.046228080839711e-78 0.0 0.0 0.0 0.0 
1.0 0.0 0.0 0.0 0.0 0.0 0.0 0.0 
0.0 0.5 0.5 3.2930001123827084e-77 0.0 0.0 0.0 0.0 
0.0 0.5 0.5 2.023072743264513e-96 0.0 0.0 0.0 0.0 
0.0 1.8115183847909238e-57 1.8115183847909238e-57 1.0 0.0 0.0 0.0 0.0 
0.0 0.0 0.0 0.0 1.0 0.0 1.1309760912662223e-24 8.289790995953646e-103 
0.0 0.5 0.5 1.3470573743937794e-111 0.0 0.0 0.0 0.0 
0.0 6.566796209311269e-96 6.566796209311269e-96 1.0 0.0 0.0 0.0 0.0 
0.0 0.5 0.5 8.352609899363862e-107 0.0 0.0 0.0 0.0 
0.0 0.5 0.5 1.152646390127094e-74 9.545998552355537e-196 0.0 0.0 0.0 
0.0 8.787300389941712e-109 8.787300389941712e-109 1.0 0.0 0.0 0.0 0.0 
0.0 4.244669134371628e-81 4.244669134371628e-81 1.0 0.0 0.0 0.0 0.0 
0.0 0.0 0.0 0.0 1.2947707417183198e-30 2.996265091367016e-104 1.0 2.0194025152355347e-24 
0.0 0.5 0.5 8.202882698725914e-97 0.0 0.0 0.0 0.0 
0.0 0.5 0.5 1.7260504675576037e-108 0.0 0.0 0.0 0.0 
0.0 2.340460265554496e-112 2.340460265554496e-112 1.0 1.0444513126665054e-160 0.0 0.0 0.0 
1.0 0.0 0.0 0.0 0.0 0.0 0.0 0.0 
0.0 0.0 0.0 0.0 1.0 1.0637160323921663e-102 1.5889070701624923e-20 6.864705546094968e-95 
0.0 0.0 0.0 0.0 1.5965430991224452e-94 1.0 8.591523497472554e-58 1.7655348340816592e-74 
0.0 0.5 0.5 5.826715276521798e-55 0.0 0.0 0.0 0.0 
0.0 0.5 0.5 3.4059785766734833e-96 0.0 0.0 0.0 0.0 
0.0 0.5 0.5 5.567584573242972e-87 0.0 0.0 0.0 0.0 
0.0 0.0 0.0 0.0 1.110424028598681e-21 1.2545698796276601e-85 1.0 1.5523931618352633e-34 
0.0 0.5 0.5 1.466890604172043e-119 0.0 0.0 0.0 0.0 
0.0 0.0 0.0 0.0 1.0 8.535005154958582e-123 8.174166891169043e-27 1.8674508279225292e-107 
0.0 0.0 0.0 0.0 1.1785190240607123e-127 1.2418655715418154e-79 1.226986957641682e-37 1.0 
0.0 0.0 0.0 0.0 3.988245330976659e-142 1.0 5.14622948455452e-64 3.124160951134531e-43 
0.0 0.0 0.0 0.0 2.301499099606438e-24 2.400165816771913e-38 1.0 3.754474774519842e-25 
0.0 0.5 0.5 4.800715145410381e-95 0.0 0.0 0.0 0.0 
0.0 0.0 0.0 0.0 8.767443237711811e-96 3.0177573206600927e-37 1.769731940458419e-22 1.0 
0.0 0.0 0.0 0.0 1.4535465914708056e-116 1.0 7.574785281138945e-50 4.442394189185537e-37 
0.0 0.0 0.0 0.0 6.309879923135239e-29 1.5355082982485845e-116 1.0 2.4016708068871826e-26 
0.0 0.0 0.0 0.0 2.571526244961799e-109 3.503999886684133e-56 9.505086954086481e-28 1.0 
0.0 8.220654934267566e-99 8.220654934267566e-99 1.0 0.0 0.0 0.0 0.0 
1.0 0.0 0.0 0.0 0.0 0.0 0.0 0.0 
0.0 0.0 0.0 0.0 1.268445734580131e-26 2.729717184190651e-88 1.0 8.302953323008532e-27 
0.0 3.7350069633617236e-61 3.7350069633617236e-61 1.0 0.0 0.0 0.0 0.0 
0.0 0.0 0.0 0.0 1.0 5.985922915955527e-102 1.7513834909938846e-27 5.761692469841754e-113 
0.0 0.0 0.0 0.0 1.681064395979778e-187 1.0 1.1034003058502365e-115 1.5245640311247038e-97 
0.0 0.0 0.0 0.0 3.156360652353706e-101 2.7076845408986545e-91 1.831541677421057e-26 1.0 
0.0 0.5 0.5 3.526588092960233e-76 0.0 0.0 0.0 0.0 
0.0 0.0 0.0 0.0 5.6767408859056754e-111 1.8553457421806963e-69 1.2905316496989261e-29 1.0 
1.0 0.0 0.0 0.0 0.0 0.0 0.0 0.0 
0.0 0.5 0.5 2.2380254014314965e-137 0.0 0.0 0.0 0.0 
0.0 0.0 0.0 0.0 3.713365792860459e-100 1.905672651276902e-53 4.595806054879876e-26 1.0 
0.0 0.5 0.5 6.4028948361626204e-142 0.0 0.0 0.0 0.0 
0.0 0.0 0.0 0.0 9.904032944133878e-89 1.0 4.4058623212979735e-50 3.568796961169645e-65 
0.0 0.5 0.5 6.7974891786946995e-96 0.0 0.0 0.0 0.0 
0.0 0.0 0.0 0.0 1.0 0.0 2.699266919153797e-29 5.0886770954680754e-111 
0.0 0.0 0.0 0.0 3.0401866861841173e-149 1.0 8.160145059000697e-89 2.374658328760456e-80 
0.0 0.5 0.5 4.132781452901751e-81 0.0 0.0 0.0 0.0 
0.0 0.0 0.0 1.0 0.0 0.0 0.0 0.0 
0.0 6.049417284748655e-65 6.049417284748655e-65 1.0 0.0 0.0 0.0 0.0 
0.0 2.3255406337913866e-45 2.3255406337913866e-45 1.0 0.0 0.0 0.0 0.0 
0.0 0.5 0.5 4.529637566261747e-93 0.0 0.0 0.0 0.0 
0.0 0.0 0.0 1.0755117365008584e-151 1.0 2.347705103843402e-99 7.213637479606462e-19 2.3876972711970225e-89 
0.0 0.0 0.0 0.0 1.0 6.224852862509504e-164 4.252311143453177e-29 1.4440541951009186e-111 
0.0 0.5 0.5 4.988467670793294e-38 0.0 0.0 0.0 0.0 
0.0 0.0 0.0 0.0 1.5199983652633392e-35 2.7766833757879722e-55 1.0 5.831195628240455e-19 
0.0 0.0 0.0 0.0 1.0186983903962369e-114 2.834387383408028e-81 2.6037368140382617e-30 1.0 
1.0 0.0 0.0 0.0 0.0 0.0 0.0 0.0 
0.0 0.0 0.0 0.0 1.0 5.220388359241756e-87 4.306988563358841e-33 2.926653819856063e-120 
0.0 0.5 0.5 1.5096116891257015e-85 1.1811662776715322e-206 0.0 0.0 0.0 
0.0 0.0 0.0 0.0 5.3269432588786374e-30 4.2334967133488143e-76 1.0 5.57347042045879e-26 
0.0 0.5 0.5 1.4570900616552569e-164 0.0 0.0 0.0 0.0 
0.0 0.0 0.0 0.0 1.0 1.134231829185836e-117 7.535069143913453e-28 2.974002010306078e-114 
0.0 0.0 0.0 0.0 7.63806961139038e-21 1.4939367070380772e-77 1.0 4.0260723060995654e-33 
0.0 7.472510408402935e-67 7.472510408402935e-67 1.0 0.0 0.0 0.0 0.0 
0.0 2.876703477520582e-72 2.876703477520582e-72 1.0 0.0 0.0 0.0 0.0 
0.0 0.5 0.5 4.2823267199031943e-73 0.0 0.0 0.0 0.0 
0.0 1.0760372228971114e-75 1.0760372228971114e-75 1.0 0.0 0.0 0.0 0.0 
0.0 0.0 0.0 0.0 1.0 1.794786601225009e-143 2.7286116827028298e-17 1.1245655443513373e-86 
0.0 0.0 0.0 0.0 1.6435966260197123e-18 2.9964539550791e-53 1.0 1.8512368534608343e-34 
0.0 0.0 0.0 0.0 4.2719039291597335e-33 1.4421530004950916e-84 1.0 3.434591409573654e-22 
0.0 0.0 0.0 7.215178138012797e-237 1.8864151727678895e-23 2.0862177808824526e-69 1.0 2.95426567192028e-33 
0.0 0.5 0.5 1.9204842425262036e-84 0.0 0.0 0.0 0.0 
0.0 0.0 0.0 0.0 2.391527222565982e-108 1.9316226084301386e-83 8.75404143917927e-28 1.0 
0.0 0.5 0.5 3.9375873145680184e-103 0.0 0.0 0.0 0.0 
0.0 1.7363656705270385e-97 1.7363656705270385e-97 1.0 0.0 0.0 0.0 0.0 
0.0 0.0 0.0 0.0 1.5696253389775633e-26 4.321372675460169e-99 1.0 2.661031415400218e-29 
0.0 0.0 0.0 0.0 1.142755821188674e-117 7.543544521844036e-60 1.1199291186629847e-33 1.0 
0.0 0.0 0.0 0.0 4.458294973393837e-89 1.805321568993077e-104 2.2641358189488332e-18 1.0 
1.0 0.0 0.0 0.0 0.0 0.0 0.0 0.0 
0.0 0.5 0.5 6.34252016711985e-91 0.0 0.0 0.0 0.0 
0.0 0.5 0.5 9.380428484548811e-93 0.0 0.0 0.0 0.0 
1.0 0.0 0.0 0.0 0.0 0.0 0.0 0.0 
0.0 0.0 0.0 0.0 1.8568466916267696e-19 9.8304420260841e-55 1.0 3.036731123394748e-35 
0.0 0.5 0.5 4.402485603618752e-126 0.0 0.0 0.0 0.0 
0.0 0.0 0.0 0.0 5.47526946495773e-96 2.8701062883602472e-89 2.595823675850767e-21 1.0 
0.0 0.0 0.0 0.0 1.0 2.5415503662278936e-47 1.5033307175074738e-29 3.5256406266920524e-112 
0.0 0.0 0.0 0.0 1.0 6.71566418828028e-116 7.53332372479299e-24 8.769320870103514e-103 
0.0 2.957968368419492e-107 2.957968368419492e-107 1.0 0.0 0.0 0.0 0.0 
0.0 0.0 0.0 0.0 1.0 6.443586756628341e-71 2.3389147194794654e-23 1.9221004593765568e-94 
0.0 0.0 0.0 0.0 7.268195275158378e-116 1.0 7.315824496585897e-83 4.509031459380329e-103 
0.0 0.5 0.5 1.9342747611666074e-126 0.0 0.0 0.0 0.0 
