6.683849150793579035e-47 6.471944832531807690e-04 1.036050509246489462e-04 9.992492004658222182e-01 2.022025231986186457e-17 3.613601612390285318e-22 4.439710804874922393e-20 1.331471332135443131e-27
1.517806481668737666e-62 5.138403133286567455e-21 9.481442113544690714e-26 1.048747034056318224e-18 9.976366510820954270e-01 1.640351512555607402e-04 2.199310746787900075e-03 3.019861162421567676e-09
2.426882953247373668e-61 1.214467718137758748e-15 7.533824210162577710e-21 4.739695365445390404e-17 9.969676063493030371e-01 1.327689750347175839e-03 1.704697080489559055e-03 6.819858939285812150e-09
9.602578368650131245e-34 3.395324921845432886e-02 1.445644305033776935e-03 9.646011064764259402e-01 8.600201844684910085e-14 1.706114402895795380e-22 4.107509633708304119e-18 3.929363188745734153e-25
1.571822448271154900e-26 4.997259224588331272e-01 5.002717639088399837e-01 2.313632326897155611e-06 1.722687075698340746e-22 1.627921310221518563e-34 4.301963324546627498e-28 7.266098967075212925e-30
3.432366241670005822e-37 1.209873955805079108e-06 5.820634577631567672e-04 9.994167266682810746e-01 6.853012438291917979e-19 2.532350677023940157e-30 2.391313231652274458e-25 2.292346926284803435e-29
9.999999999548038199e-01 4.356088492550546762e-11 1.626083404588201845e-12 9.288933774829889406e-15 1.353500330967223231e-45 8.893530617865614512e-78 1.889215725214412344e-53 6.703309285438281957e-67
1.415776518914290401e-87 3.612522711519308658e-28 5.002602508512056734e-28 4.935854395965093855e-18 1.149670426610843503e-05 9.999414933630206281e-01 4.682231511454419936e-05 1.876175986406659995e-07
9.935938335625456256e-42 2.412234738234250326e-06 9.999975877394401413e-01 2.582155363507042519e-11 7.093074021208631566e-19 8.658690119755066078e-23 1.755886177319374028e-24 1.828523797370613362e-27
1.364547711704713943e-62 1.125374318397512302e-18 9.229148156140760583e-18 3.569238690016357181e-14 9.999952032006579339e-01 2.790166838486179737e-09 4.790485644652270571e-06 3.523494852899878604e-09
1.775835393628646321e-57 1.240821333727988658e-20 2.850771791539046954e-18 1.275899054356072958e-12 9.999997143960481782e-01 1.692189938469527728e-07 1.163803846285852848e-07 3.297478267136719734e-12
4.962603268633450784e-114 2.628551213475255151e-53 2.582056043701373547e-53 2.280015134814398936e-38 1.483953087142512449e-11 1.169951843817604589e-09 2.196978607942702671e-06 9.999978018366006971e-01
3.578695810408135101e-74 5.903305504647136782e-23 8.648766479499153028e-24 5.206213367512241969e-16 3.374248127846186758e-10 9.999995593768393753e-01 4.392475669954124509e-07 1.038168314975636206e-09
4.499082853011613098e-98 1.392368679056014157e-25 2.434340257969975012e-29 3.926499084542484961e-26 8.279656155370766638e-06 2.938188027884578927e-09 2.164230966517429989e-07 9.999915009825598444e-01
5.078129940922529956e-99 6.331800037157129639e-28 1.395552229092866464e-28 4.319426628984981064e-38 2.665982830301223530e-09 8.282775103081830716e-06 7.042045994764609293e-07 9.999910103543145912e-01
1.000000000000000000e+00 7.350898905281389856e-30 2.881138876681749114e-30 2.877579672581266581e-39 4.244765060809931114e-80 2.640105883735845653e-106 8.331965137573114831e-101 1.641956209705892902e-130
2.679027804081139780e-72 1.064230532337874314e-37 2.476004050224989202e-43 7.647126657782174514e-28 2.966735663254405769e-02 2.193182787933361646e-06 9.700297645481780195e-01 3.006856364899672569e-04
1.383557792398287372e-84 1.285122427789614768e-24 1.322863470773570551e-32 4.204573818102939603e-28 4.632403159081496997e-04 8.861700863520610705e-01 1.126934099156800539e-01 6.732634163506883091e-04
1.598660136695002202e-28 5.277498384349622595e-01 4.651595611691371479e-01 7.090600395900498870e-03 2.102415923651716627e-21 6.180137123508205590e-35 5.638888026115414366e-29 3.628783116253212150e-37
4.223297030538245306e-29 5.291495840228810366e-01 4.708501542474289869e-01 2.617296881809986935e-07 1.815738737250332256e-15 8.202711492586841140e-38 1.254136315167782597e-21 4.244147143472992624e-29
1.163036973207131831e-97 2.879595858324222888e-33 3.117274473523188473e-41 4.484366487993098870e-32 1.308181617949070078e-05 4.237408767494178769e-05 3.375632885493814461e-01 6.623812555467641916e-01
4.045485155303325781e-66 3.409905550489691069e-19 1.305401302333853557e-22 7.988728832845305724e-23 9.828501936497685554e-01 4.582678657687776622e-07 1.714933554508867031e-02 1.253727711123990786e-08
2.119865798280683604e-23 3.360926127104370553e-01 6.637349605988585033e-01 1.724266907043660898e-04 1.892146787830064888e-20 3.103199853851152438e-26 1.253860412084213602e-28 1.731239358271137593e-36
2.533005885968296668e-38 3.342802427418736788e-01 6.635972627081834219e-01 2.122494549942708936e-03 9.547797119444786858e-17 2.922518185459855986e-23 1.997480273447623654e-21 1.153180145247547702e-27
4.384244357649071872e-30 3.383142254996636678e-01 6.531449580956135703e-01 8.540816404722630095e-03 5.540441803265549469e-18 1.998493386786915347e-19 1.649345176595571761e-16 4.053483977681691839e-23
2.750312782404144151e-113 5.488085585533955534e-45 5.812197365588617182e-45 1.715206040945999555e-34 6.423393063371252929e-11 1.652137246488886915e-06 1.424658436601860655e-03 9.985736893619177046e-01
1.129999750606269000e-28 3.468185945412073368e-01 6.531784526990411788e-01 2.952759751437645964e-06 6.796373413121934481e-24 4.677388892072908657e-38 5.732774382818898357e-27 7.674612514291052861e-37
2.874606151141031456e-27 3.344338632415094770e-01 6.531296752041079179e-01 1.243646155438270055e-02 4.753780920367759535e-28 6.711551154781094356e-36 4.658046824830502355e-28 5.857180066379898267e-39
1.000000000000000000e+00 3.129637194719950705e-47 2.042674781973473756e-47 1.085960439912686962e-53 7.627266777416254669e-94 5.361017688260974344e-136 4.061048983251770428e-115 3.049786612391212570e-130
1.009109745034718128e-62 2.715191600488465533e-32 7.356141609600172493e-03 9.926438583903998136e-01 8.284307018726113579e-41 5.679398370089703861e-54 8.565943690334911294e-28 2.696274188683632790e-39
2.060113664564100200e-118 3.501601226421773600e-51 7.057955173486616604e-54 1.893721074975974767e-34 2.700621478195102475e-32 1.568550711815383316e-42 8.403005198001280585e-04 9.991596994801997811e-01
2.854227145066087404e-100 6.025326285836665671e-36 2.170777425778536777e-40 8.566213255827913568e-28 1.397322577059511921e-34 2.036907184435529393e-45 9.918035578705997057e-01 8.196442129400302937e-03
6.501282312314296456e-17 5.959478475920787499e-01 4.040521409620944637e-01 1.144582668082706321e-08 6.181820713271802249e-27 1.577555350428972967e-35 6.078932513742643627e-39 4.499850404105420831e-51
5.619404217924318480e-26 5.933534013255348238e-01 4.032831785674084735e-01 3.363420107056648047e-03 9.024562678580141631e-20 6.757715478837981533e-30 6.322517571356561036e-29 6.153327735705315052e-39
5.419690288889224432e-73 1.276877031888704353e-20 1.090641150918726963e-20 7.214737365220477385e-13 3.921145621533836390e-02 9.576074246240067200e-01 3.181114222194460391e-03 4.937739002404437482e-09
4.546414767062938428e-26 2.646128817124776544e-01 2.893371819584685811e-01 4.460499363289509023e-01 1.027937710114422374e-13 1.062754491059399731e-20 4.230364043127921117e-22 2.350668800254890242e-27
1.000000000000000000e+00 2.290328665759513182e-27 1.967757324740756424e-27 3.747968872064613351e-37 1.371556941614440029e-63 3.018871273388676618e-87 1.890115364281323613e-82 6.338069735346507321e-103
2.606944909943842528e-93 1.118420361168357351e-34 2.171266537735900132e-35 5.096094348097831669e-30 3.664393061086221667e-05 6.664607258339444608e-06 9.864682277373951758e-01 1.348846372473566993e-02
1.000000000000000000e+00 2.044861941393784574e-33 1.756862289424676602e-33 4.195150990784846300e-46 2.282239747259713962e-66 9.230879673647219004e-87 1.237930249124776997e-84 2.322213463442825692e-103
1.610996679190710210e-85 1.350191720927736875e-26 3.638012351604202857e-27 1.352732589356297238e-20 9.687870085264416577e-05 1.230014338419807562e-02 9.869628572737861871e-01 6.401206411630566652e-04
1.180949375584189246e-50 8.606638803339313070e-13 1.281710249000030257e-17 1.111717308157524379e-15 9.999995000121971733e-01 1.749001300766645068e-14 4.999668773586512166e-07 2.004619430582472303e-11
1.041339432962857420e-52 3.589953340177617169e-09 4.309981130833528092e-14 3.341292109677610273e-11 9.999759894679807193e-01 2.233857654987533088e-06 2.177290641111120104e-05 1.445438042163788915e-10
4.840722106451771241e-97 5.439300088791170113e-21 4.726105264695088641e-21 1.907776905502110810e-27 1.517967952231798443e-08 9.999999827120030771e-01 1.445940528212757748e-09 6.623769307430217219e-10
2.291853574212894312e-29 9.999974784531714400e-01 2.521261684751374797e-06 2.851436053959065715e-10 3.255921479815667357e-16 8.270226178465433765e-22 1.505960376820826465e-19 7.222226357697134254e-23
4.459400278702378958e-92 2.343926581493011845e-29 4.384672268498336368e-29 4.227826324858738590e-25 1.662438853906084146e-02 1.120158761763109974e-02 8.394952009152114591e-01 1.326788229280965181e-01
7.572351646766587363e-74 6.440053267728741573e-35 4.692702963813165247e-35 5.101584816541761424e-27 9.825690459697502543e-01 9.643761892345391520e-11 1.717619037539930629e-02 2.547635584129019377e-04
2.777316260486583911e-64 6.658145320317837327e-14 4.573162101408616815e-14 3.505512916060295292e-10 9.141121714191178249e-01 7.369528337212460412e-09 8.588760438211127946e-02 2.164785789723127136e-07
6.484996474824064418e-93 8.764318460106928327e-22 5.998202189166544858e-22 1.167265181817529425e-15 4.512395773602771894e-04 3.101730765134813822e-04 9.865436083986132143e-01 1.269497894751177476e-02
7.379682006479652703e-11 6.912109118863039026e-01 3.087871938633003355e-01 1.894176598820285373e-06 3.784198425394979787e-28 9.281087115435532082e-38 2.551447073133150656e-38 1.151080770751602297e-52
1.552338383754901788e-75 5.026708553311339154e-16 1.562854721160928761e-16 1.567556625287913774e-20 2.250329077259783372e-01 1.030783243872802337e-03 7.735906630891236091e-01 3.456459410247415300e-04
5.324541431500254366e-83 3.558385071606420745e-21 4.676484884528505236e-22 2.716111677315484707e-13 8.671205550068471213e-02 6.365551033983757106e-04 9.115221037496551437e-01 1.129285645990407488e-03
2.941922116740451672e-29 6.903293080529729897e-01 3.087235651635210076e-01 9.471267835059850922e-04 4.435402781070790421e-22 6.002650572104715315e-30 1.525553271484640694e-30 1.905273157897681185e-42
6.196205122226294070e-104 2.199450532760565613e-38 3.852887348454542311e-45 2.703219104989519704e-28 4.184369670704802987e-05 7.200010218852903838e-06 6.402810203724771387e-01 3.596699359205970947e-01
4.790401685434976872e-95 2.912032380225324020e-42 2.150132592149096564e-47 8.632929972236494101e-31 7.908606944585061527e-02 1.484064204251719460e-05 2.905323607889949700e-01 6.303667291231118686e-01
1.000000000000000000e+00 3.529010361787940215e-29 1.391197837021942012e-30 2.434904204521881910e-41 1.030998778577397216e-72 2.267354873379022880e-92 7.854492819401388835e-89 3.372378400111215990e-108
2.686150700377615810e-60 3.991697098928636223e-11 2.926901430597899503e-16 1.920763137542947385e-13 9.242899334332888017e-01 1.201255639467592191e-03 7.043338012268855752e-02 4.075430764445601116e-03
1.000000000000000000e+00 9.004412474459205288e-26 8.982555664805089411e-26 1.520634598641347477e-40 2.542065427718130534e-68 7.589108592759289950e-86 2.846076684453044451e-84 1.283532401609713128e-103
4.353620308432960111e-80 8.222033249329451428e-25 7.153046941097085924e-29 1.006656770286127355e-33 3.482721907573011789e-04 9.950404396670361473e-01 4.535598154187439786e-03 7.568998801924015269e-05
7.838511184851123358e-29 9.949815888750948023e-01 5.017623933162744694e-03 7.871917424478905508e-07 1.791653681228652068e-17 7.305479589997515333e-22 3.563870505238522330e-23 2.824669964701236194e-30
4.769455958476632022e-68 4.509688099726097699e-15 3.141322253275411448e-19 1.415681073511740466e-17 4.665155301807432167e-03 1.313587415775040331e-04 9.951996531746764019e-01 3.832781934241762547e-06
3.354528819798418982e-95 1.585149801377580602e-31 1.423826149688028089e-31 5.461985439977770613e-24 2.158241741007439524e-04 8.503534767518102777e-01 1.493012391829581786e-01 1.294598911307051517e-04
8.766448875275878800e-60 9.616846086201003650e-12 1.995046663766063057e-14 3.723386737340927661e-13 9.998886491313099256e-01 4.614419431416443851e-07 1.108882487975309031e-04 1.167940213844043040e-09
1.590503103933611494e-26 2.363553232324433206e-01 7.636401026039575379e-01 4.574163587435716627e-06 1.169172321892291062e-14 8.326744676908415970e-23 1.081807637825152290e-17 3.896351728506153551e-24
3.148142196468579013e-88 2.397640483986369416e-22 2.008145697364405263e-22 3.706810657177823717e-27 1.712693663318819192e-04 9.126740135619619831e-01 8.706091777537829091e-02 9.379929632795367170e-05
3.898416192557755145e-95 1.684658464245718482e-36 1.193674136520478224e-35 9.820385488696240840e-30 2.549868638858028059e-04 9.896965228711048779e-01 9.493476738741363913e-03 5.550135262679020123e-04
2.569289163336291218e-76 4.150885824240561772e-27 7.221959962177562382e-29 1.633936781315751082e-22 9.827508828063267199e-01 2.513796478970568935e-04 1.699695558015830790e-02 7.819656179896408860e-07
3.397007153712579287e-74 4.472727989803480482e-20 3.758500352532263974e-21 2.527596105060318523e-18 1.378627590264233475e-02 8.038756910299546879e-03 9.776030055101799787e-01 5.719616768781857251e-04
1.248628615868428025e-118 4.958190788356931752e-39 7.312572771419386128e-39 1.295323084810334243e-31 1.377840971841520070e-06 2.155356739181093269e-03 2.465266778525815675e-03 9.953779986413212599e-01
3.409784922948881460e-79 8.563809750973128465e-25 1.110356153418795944e-25 6.162264416125892996e-18 2.164461983728053346e-03 4.141344599725867589e-06 7.083298701498477179e-01 2.895015265218245371e-01
1.646973791935902455e-86 2.476952832189166995e-22 1.670097853571636148e-24 1.753714892169079910e-15 6.388894884426655335e-05 1.729693880100364984e-05 2.940493542427846663e-01 7.058694598695683942e-01
3.274379317221083031e-53 6.038646748600469654e-16 5.672768993946636658e-15 1.255591415649304786e-11 9.990766352659417038e-01 1.516585260229378866e-07 9.216617264882703093e-04 1.551336481573513263e-06
7.304624019649201209e-87 1.196890881202299278e-25 2.044469153695466088e-24 4.365543820161810624e-22 6.276215080061190938e-07 9.967969413622099761e-01 3.145245398466462155e-03 5.718561781556085870e-05
5.612109905537819955e-25 9.631106229236958693e-01 4.829185067599539409e-03 3.206019200870456609e-02 4.792122108026449625e-22 5.681842625562008655e-31 2.649364836517530696e-27 1.256378631194739256e-37
2.426328214536324870e-89 3.639290414029781749e-24 9.752242245060850885e-29 9.699179601370649356e-27 3.270009356476862071e-04 1.304803149011393857e-05 9.994993623310549635e-01 1.605887018071096880e-04
2.229816677414311226e-108 2.017929693608340394e-39 4.577595795712362760e-40 1.630422807905802123e-40 6.848681081556544371e-08 9.964735201920247309e-01 1.370680561702133796e-03 2.155730759462235087e-03
1.000000000000000000e+00 2.270392095520875174e-37 2.252045896942240282e-37 1.906904247932490584e-43 3.924039607745310808e-59 8.861171043606497661e-90 1.173614790455390959e-78 2.852605784056894543e-96
9.203668105712721260e-80 6.433273126496295522e-18 6.433273863659171275e-18 4.680449512338617583e-11 6.817073122343593007e-13 1.758084649250869902e-09 2.377147458410893907e-03 9.976228507360180853e-01
1.000000000000000000e+00 2.317474985218868259e-32 3.802177743336752136e-32 4.167928806996645898e-42 2.001762767194892831e-79 3.517517818585030696e-103 5.061376692672094115e-99 4.263069259290280097e-116
1.889045040668847781e-45 3.626259156561995088e-04 9.993923271792148899e-01 2.450469051288762666e-04 4.424529199528290582e-35 1.572101328677735973e-39 4.206469543828721152e-38 3.708041418556034234e-47
7.129627840457283085e-38 3.512449143747911476e-05 9.974350211022763313e-01 2.529854406286223632e-03 1.059732637617592240e-25 1.623228568050321609e-33 9.262805107842724757e-29 1.060662613611191038e-39
1.000000000000000000e+00 1.067505878539710436e-25 2.637952776380656677e-27 3.741118521253151676e-39 3.813354515165312095e-64 1.097408973549793813e-81 7.691622812462284186e-87 2.710257316383195646e-105
2.445471335818496544e-87 4.257382354895876011e-33 5.211062546229453628e-40 2.310672983671726189e-38 1.707214315560322295e-08 9.996764998018788928e-01 3.234831135259696642e-04 1.245197402447041478e-11
1.203828456949743531e-86 6.302061458360785587e-33 8.714847572997477424e-39 3.998711042844028457e-43 1.549869556715580994e-09 9.999999092080930074e-01 8.923678984578228576e-08 5.247617249817303588e-12
2.315805943791765251e-39 3.234744985958142396e-04 9.996764082685187791e-01 1.172328853180130223e-07 3.256422141795120883e-25 3.224214904977032416e-29 7.256131051377921884e-24 3.534513534634366936e-40
3.736353445342344129e-64 3.339316767528250815e-18 3.398910346164607686e-18 4.872105981447158758e-16 9.718142515513226165e-01 2.317167245336638053e-07 2.778644537840885970e-02 3.990713535434688348e-04
1.772741483746983538e-25 2.636507270920628310e-01 7.357895476617929420e-01 5.597252461443799013e-04 3.359444122695134136e-19 2.167845863426873109e-21 1.229725037724339432e-27 3.002984518927302512e-37
9.133076665801137959e-27 2.639092002326833275e-01 7.359189263132888126e-01 1.718734540273350283e-04 6.246740542913549202e-16 1.250069093996375517e-19 4.267386989691937248e-20 2.549938293180649601e-27
2.314481740249197538e-08 2.640237280251523933e-01 7.359762456015037646e-01 3.228526548757602382e-09 4.005661824455960163e-32 2.169507906586376934e-39 3.444890535333803236e-42 2.632098324276113980e-57
1.003407930977274476e-98 7.234633083313589110e-27 3.911603999873442364e-29 1.419919315962059716e-28 4.637194538842212197e-06 9.999839338193616811e-01 1.267625361505286529e-07 1.130222356347868119e-05
1.381116893506098408e-71 1.748223090689327270e-29 2.562266147917050081e-28 5.707628420780629779e-21 9.972267193053577783e-01 1.048779092586445928e-08 2.773270193664741784e-03 1.318658067523820997e-11
3.538643722735817546e-67 3.650290240569506530e-27 5.378875735303499595e-26 1.083906172757903801e-21 9.972960608741130439e-01 9.248484654367382247e-08 2.703846639311508013e-03 1.728904639233469545e-12
2.012129107961922820e-87 2.810549642056689275e-33 1.284286218466549431e-30 3.927908839967755300e-26 5.488401412367625680e-03 7.626983711409781129e-08 9.945068822037798073e-01 4.640114015578362106e-06
4.486024036322416813e-41 2.853811054920110061e-03 1.105969022356172518e-03 9.960401964731518953e-01 2.342921053087093317e-08 2.887109195014692867e-16 2.036097510017162255e-11 4.732796880062360924e-19
1.034402334719109984e-73 6.556278829344393186e-19 4.136522563870017589e-17 1.557694112282836921e-16 9.195271388322658890e-01 1.169999757351760424e-05 8.036752491533687148e-02 9.363625482360204825e-05
4.263003171781502652e-29 9.704411905887221357e-01 2.952845694195464429e-02 3.035246887127729040e-05 4.520336048765684305e-13 2.780337221854119678e-21 1.632506533804555470e-19 6.642340755100968993e-27
1.103272992235804455e-80 6.457488374845811994e-32 3.034978300674513951e-31 2.291235655700458910e-16 1.657325938474600580e-01 1.923789530343566687e-02 8.150216562308819634e-01 7.854618222078549146e-06
2.046096419391258414e-84 8.162998661070583219e-39 1.214203242151297852e-30 3.254407873214383593e-30 1.075872950544932065e-37 1.179554772580753905e-04 9.883754947342215935e-01 1.150654978852036839e-02
1.000000000000000000e+00 5.116291407446940742e-38 5.102373046515289975e-38 1.351162685566176379e-45 8.683493578494468483e-76 5.650432744722446748e-104 4.597126352597727330e-88 1.465148857951479243e-106
2.356589255023651061e-71 1.150654978852036839e-02 9.883754947342215935e-01 1.179554772580754311e-04 2.427302331557004813e-48 3.254407872514878521e-30 1.214203241264568445e-30 7.270979415786746064e-39
1.000000000000000000e+00 5.771955622163435683e-38 5.756253592073084760e-38 1.858737718237505892e-43 2.896403259673506996e-90 6.996452018530051569e-117 1.365142878351238570e-103 1.961488516037188134e-123
1.000000000000000000e+00 1.328330073557291912e-36 1.239882195474359933e-36 5.985227469783247156e-45 6.296524968329281546e-62 1.310032987751170610e-84 5.371616831221947452e-83 1.000494214698897080e-97
6.544710018512316327e-96 2.265748463857940088e-24 6.026158049707497523e-23 1.424236876428777512e-13 3.548567937882613968e-08 1.938441127990821261e-16 2.195472350891525537e-01 7.804527294250254155e-01
1.000000000000000000e+00 2.027311469452519883e-23 1.892321378317966255e-23 1.963850482997468818e-32 1.967268673457763485e-66 6.510669855934368802e-92 1.015442737149795904e-88 9.179185806009668715e-104
1.377434361138758312e-44 3.547357787464852226e-08 7.154953257819559915e-07 9.999861642030793973e-01 1.308455803318344761e-05 3.500876776118901563e-23 2.699836702436442335e-10 1.063116880580029217e-17
2.752802606519088201e-22 9.965626003649109554e-01 3.294237486198200830e-03 1.431621488907953998e-04 1.367532557849875616e-22 6.410241292107473569e-37 6.576354144454385136e-35 1.017000493662712277e-45
3.256826012188771239e-82 2.121104906838172420e-16 2.085674757637694003e-16 7.470149411425188915e-18 7.532257560932135911e-04 9.978659726386626128e-01 5.653484525206325332e-04 8.154531527231940633e-04
6.368596655343391379e-36 9.964056916457673108e-01 2.719407690660262562e-03 8.748993587860631966e-04 1.304717612819868140e-09 5.305881823938626372e-25 6.868705188020475300e-14 1.230740930137718564e-22
1.000000000000000000e+00 1.360658709101065339e-24 4.228854529928940564e-24 7.111934482250389639e-30 6.169266568670881672e-51 1.125828449289255653e-93 1.267316353970409667e-64 2.109517286961723502e-97
1.907882044661635989e-64 1.631456199506635762e-13 6.531288915265549545e-14 1.661547178304469519e-06 2.244546254822061548e-01 2.187281977991523170e-06 7.033131129282185201e-01 7.222841276019043022e-02
1.679306968613787538e-41 1.938187522754045711e-01 1.931018269037176605e-01 6.130794208208775187e-01 1.721196444575188830e-16 1.637523037750720492e-24 1.463493314701888014e-18 5.909998085395978245e-22
7.804716964008623838e-31 1.182034964894654178e-01 1.401147837387834438e-01 7.416817197717511245e-01 5.069190128830099764e-21 1.030152316769972165e-31 3.058880288850072382e-25 3.189878918263251752e-35
6.372754442982147651e-29 3.998408960350365859e-01 5.985319995776554602e-01 1.627104387307985907e-03 1.284378168428711989e-25 5.802431590480742164e-41 2.193844052348180889e-28 3.504347729990621092e-37
1.364108488379743316e-38 1.458781177312167686e-05 2.530855084282223819e-05 9.999601036373840790e-01 1.837820210658814589e-20 6.364770969751871943e-30 7.113492351017055302e-23 2.021306777635108721e-37
8.647751498987896487e-25 9.108650311326283999e-01 8.913449880460538877e-02 4.700627662783177583e-07 3.537340027924235894e-27 2.940885327498338057e-25 9.676766446230959195e-31 1.919982468113085518e-37
9.784042669683934063e-77 1.016270847551570413e-22 4.167448296600488752e-24 6.190604781899713934e-21 3.520820222515443076e-02 1.879967121491447554e-02 9.459762267336745412e-01 1.589982625649938200e-05
1.652642486688761320e-32 9.087336095494769062e-01 8.544368696538522101e-02 5.822703485137886714e-03 2.030864189665760434e-19 2.441942238263580134e-26 2.653451964924706656e-19 8.368592992128864684e-28
6.232292472545147455e-66 1.226227134221518778e-06 7.281851135145772618e-09 7.079742679991959539e-09 4.957548287333090253e-04 2.794534565618002689e-02 2.142484632524624122e-01 7.573091956738963182e-01
5.849497352408203093e-24 8.282730567079998885e-01 1.384569290313360790e-01 3.327001426066397011e-02 2.274284669262112663e-23 5.411937085787859932e-34 2.045992272379109609e-29 3.412261593314289630e-46
1.018287609342874160e-102 4.824862005103980826e-35 7.936692827450460415e-36 6.681947839059141581e-32 3.771827527307088244e-07 9.415847187746367365e-05 8.637651424384459528e-03 9.912678129209854250e-01
1.429694866232743345e-35 9.771935567021564127e-05 2.011470116273968709e-04 9.997011336327024100e-01 8.039544641094061369e-22 9.122611220003319211e-43 1.022616931026805941e-27 7.313320139618988175e-36
2.982526652113236715e-77 7.914245184906562765e-33 1.784156489418236561e-33 1.423439698590806972e-27 9.993538990621305684e-01 4.874786582010775279e-04 1.586221618435247204e-04 1.178248969706657097e-10
7.801501559845382161e-48 5.656808884678231112e-11 1.311646061716009887e-11 5.417086999047495242e-12 9.999606945613225273e-01 3.915284853454097862e-05 1.524826550331853170e-07 3.238627641854598382e-11
4.168677255464402213e-91 1.688565287487545207e-23 1.395637474334000866e-22 5.516828603926513718e-18 1.158716002994093006e-09 7.849945891234014423e-05 4.592757056575949483e-04 9.994622236767140011e-01
1.851512703554021208e-89 4.747524382879985734e-24 8.831768504861218135e-25 5.105917656313624172e-16 2.675769519667092484e-07 9.633477576186904672e-10 2.218749038132767672e-04 9.997778565558865793e-01
1.000000000000000000e+00 8.944726203543031920e-26 4.877866858807298525e-30 2.915428908698173171e-40 9.856073661298855968e-75 2.218345532560696965e-108 1.185052107514295392e-92 8.218832308458964280e-110
1.000000000000000000e+00 3.389467724717635221e-33 1.848393333364214037e-37 1.054730028312213373e-43 5.503773134271815603e-59 1.148396454634489233e-90 1.003981658016273594e-74 1.312173113681351136e-88
3.357001167645022904e-27 5.905975341904991194e-11 9.999999998769064646e-01 6.403385122727569678e-11 2.097953280118051518e-22 3.612654566881932313e-32 5.378572741688640012e-35 3.851614178411179601e-47
1.852463549916488564e-35 5.757275487648408744e-11 5.889103413889250939e-11 9.999999998832559411e-01 2.802421489600811502e-13 3.285961746731183949e-28 2.523847865716385359e-20 4.189997980243480180e-34
5.135858307931358353e-87 7.302764593140348531e-46 1.293874961871233299e-45 3.526423627508373831e-26 4.305243158622608368e-02 9.557026641539999590e-01 8.765188876552775822e-04 3.683853721186924044e-04
6.684767804842878178e-64 1.086604639919802717e-17 4.717809085681500022e-17 3.934571565380268890e-15 3.027160098983486258e-02 5.364853194503217020e-05 9.283826449589114294e-01 4.129210551930456025e-02
4.386642147709753260e-67 3.972447972998519633e-26 6.576449370732926042e-26 1.045167037019235818e-20 9.715291332930580115e-01 2.535874390728745629e-08 2.847084095633903647e-02 3.918591273515068839e-10
9.106394169438971282e-94 3.023210613465081123e-23 5.968650707139780463e-23 2.003396385173672164e-20 6.938210298812724341e-05 9.951475382575045714e-01 2.715573547304130173e-03 2.067506092203046184e-03
1.910538395161627266e-93 1.132395147254261401e-22 6.268085908900181502e-25 7.757477259666651909e-19 1.424397269049592490e-03 1.199012314847335925e-04 1.469301196198322459e-02 9.837626895374823599e-01
5.049239344157757069e-77 4.500925923123907033e-23 1.038934872751970939e-24 8.909836679391339938e-13 6.506263026334155319e-02 2.831140228838361023e-04 9.341302096221638651e-01 5.240460907195787846e-04
1.471617392171896054e-37 5.177760025354264018e-05 2.719702467625665434e-05 9.999210253743588961e-01 7.109653531570745464e-13 1.385224415090728179e-17 3.955899268787272181e-16 1.957504037146458891e-22
4.483095377000703456e-82 1.859956551913314708e-18 1.444566879560056307e-20 4.827353115175476971e-14 6.361738200595080071e-04 8.926462779977642991e-05 9.681715736726206334e-01 3.110298787947170934e-02
4.337019827294168473e-28 8.600727220500431480e-01 1.350312011019489389e-01 4.896076848000182301e-03 7.636493146068406973e-15 1.820201954243634625e-20 9.616276468132881870e-19 7.588691488949417379e-29
1.057588948505322544e-115 1.293414989042300816e-39 1.063916212778693425e-40 2.808308909390870891e-45 3.826229964222568490e-10 1.364445503037995666e-01 7.111526875188825883e-04 8.628442966260586600e-01
7.116529721251897486e-87 4.593364890182367240e-24 1.533929410159057469e-31 4.387204966170237718e-24 1.295243087701685412e-02 1.640088445934179606e-03 8.510883837565488275e-01 1.343190969204999807e-01
1.000000000000000000e+00 5.540563820527589422e-30 3.322101259225101476e-30 3.408645632669824204e-37 2.811855243166409191e-65 3.078177576913330830e-88 4.559051531235971596e-83 1.216057790488276975e-101
3.750331326191456811e-92 2.210403892604817129e-22 1.104552071789327050e-23 2.404632712058565274e-27 5.035370017517275212e-08 3.656864302877822044e-07 1.722120924404188557e-03 9.982774630354652734e-01
1.492171566769863232e-62 6.039132104462074132e-19 3.114959739522434793e-20 2.397021548313243674e-16 9.958745123257098930e-01 2.764147917570138144e-03 1.361330432997077435e-03 9.323722687483174697e-09
4.790456691998777072e-28 9.265200021781211945e-04 1.683772512585213904e-03 9.973897074852366984e-01 5.777215085299083457e-22 4.928345378204650996e-52 4.712855177809637382e-31 2.533034684783263375e-39
7.029069947317675290e-105 3.509717256720018541e-35 8.916806098715451073e-36 5.511763348454467006e-29 6.923414492247898599e-10 1.100943489673589519e-07 2.782900379150777550e-04 9.997215991753946041e-01
1.681408361180373599e-62 5.321055865824979822e-19 4.882840821672185451e-19 5.993112860700526185e-15 9.977733884455927127e-01 2.053664260834379453e-03 1.691783873587712241e-04 3.768906208313877058e-06
1.000000000000000000e+00 5.524648215355368571e-31 1.359366528458528199e-32 5.719553326180964173e-46 7.472995937662427983e-65 9.052270410459320466e-81 1.348606200772022396e-82 2.793290237805336065e-100
8.459199384324940551e-48 1.223317519606735575e-09 1.120489834397865985e-09 1.085414356022901761e-15 9.993820345458414023e-01 8.592919902737136261e-06 6.090430113363812454e-04 3.271791110876813038e-07
1.046253531699567199e-32 2.174208357555259662e-03 9.973655079577441462e-01 4.602835804987493004e-04 1.042018485030852192e-10 7.140460543573720910e-21 8.305665706620322922e-17 4.999723797457602602e-24
1.000000000000000000e+00 1.958896115575438838e-33 3.119993945290676673e-34 3.859424010185056962e-44 1.821978541863867700e-72 4.090930767750561968e-105 2.326664440637743668e-90 4.706052785589187063e-109
5.531481324858581822e-86 5.061987275857058547e-21 2.913058365420835310e-22 7.669108553468442742e-25 4.135120264939663799e-08 7.397819651954997688e-01 2.598059701773919317e-01 4.120232759055977075e-04
3.105224607136435781e-90 1.560942203362374310e-22 1.331703927926496311e-21 3.696091686216259592e-23 2.353726609253947811e-07 2.999635451975146716e-04 2.407189380434550663e-01 7.589808630386865040e-01
1.620411128026777704e-111 1.144035785927567377e-41 8.568249508353715847e-41 1.829392537235369207e-30 2.348068002810827664e-11 9.357566800954223346e-09 1.931096830082112276e-02 9.806890223181313759e-01
1.812374009188279162e-68 3.233198273776712741e-20 3.618344717234367154e-20 9.954536348073760102e-19 9.787631665875085041e-01 3.601265604218071171e-03 1.763547629766746422e-02 9.151060590653596738e-08
8.893502649096599512e-76 4.265147456680220218e-28 3.610516430413546956e-27 2.049945904866851103e-22 1.052508334582418859e-04 6.414071165690745768e-04 9.975768287072207530e-01 1.676513342751864135e-03
8.627810856084870543e-34 9.940762100682086766e-01 5.908405953736927362e-03 1.538390965069726763e-05 6.840361832489083633e-11 1.202837796759487613e-18 2.970094070691650973e-17 6.657328221517458172e-23
8.228797585209097309e-76 8.652350136640918266e-24 7.279596174377190867e-23 1.547380277579175833e-22 2.281818048484673955e-02 5.856798536207435528e-08 9.771817342352756564e-01 2.671189219882942358e-08
1.528119561603563366e-63 1.620964743696472992e-19 3.159313002174907065e-19 5.156214880399342977e-14 9.975023786356346234e-01 6.785273426384682908e-09 2.497342106606319743e-03 2.724724341080259158e-07
1.169434340138049858e-93 1.174716790073173280e-34 4.366962433479966750e-35 3.156983989740436531e-28 4.870136676749677734e-03 7.417054727778153896e-03 8.730571133595782518e-01 1.146556952358938897e-01
5.885824505842504971e-84 2.039939665682297172e-20 6.333662518793415501e-22 1.358690658308860111e-19 1.818134874124200219e-03 4.957125945639113684e-01 5.022326278773386887e-01 2.366426846256775083e-04
5.838551885981892849e-26 6.041337189188388246e-01 3.927412405964998410e-01 3.125040484661331837e-03 5.592849261058748982e-27 6.518681725636757151e-36 8.489470981454667281e-36 5.288961353498858238e-51
1.000000000000000000e+00 7.650228080059428781e-38 1.618157025426598306e-37 2.138623185496666012e-58 7.614303311354827679e-78 2.371879237024594334e-87 6.824368105017389281e-95 1.527441281670456631e-113
1.888218039696199733e-81 6.639493097362027055e-27 1.454172035939601213e-30 1.064304438027449680e-26 4.852135381449038738e-04 9.689789743443690817e-01 3.023826101771426300e-02 2.975510997718153867e-04
7.710991494594737376e-94 3.934281361402938993e-55 8.158933045927299835e-59 8.346719164838833803e-41 5.123383877874536103e-04 9.671659119506852420e-01 3.231928704542428449e-02 2.462616103010676437e-06
1.885041824575347238e-24 1.738935262047187208e-02 8.089947496220184497e-01 1.736158977575097406e-01 4.158566362685430734e-23 1.253021669692349638e-29 5.075856374383958568e-32 2.321385275940049260e-42
1.016073273632543971e-43 2.430066061297376326e-10 6.058610855326760103e-07 9.999993938957906225e-01 1.172736257106055112e-13 1.673494266642300123e-22 1.921859701171998809e-18 1.021850470020863062e-26
1.416020083848450235e-70 4.751958940337029190e-15 3.900924756593497828e-14 5.227369452261681205e-11 2.440875846223193384e-10 4.528310342258956897e-17 9.845882816449169628e-01 1.541171805867791109e-02
1.000000000000000000e+00 1.031677959948908421e-27 2.426961168973103938e-27 3.891120332204421388e-34 1.525083297294725510e-63 2.670286040965793190e-86 1.334702830785672391e-78 2.433572635122016124e-93
1.000000000000000000e+00 1.345431072920143840e-23 3.165046745467661740e-23 1.162934724443525112e-40 4.827285317108404786e-67 1.148299013675240393e-77 1.516390543725561248e-85 9.037454055441602830e-101
1.573398550318999482e-85 4.675818632843713747e-27 9.984079937352927202e-27 5.266644557093267578e-22 2.275669336360149240e-05 4.538161250750785344e-03 7.765794908187165779e-01 2.188595912371689711e-01
1.400756069270056713e-75 6.716510607427816936e-22 5.792280413988289054e-22 6.837667412225083251e-18 1.356607742628551383e-01 6.075143329133798897e-02 8.028987299221393981e-01 6.890625236673821865e-04
2.842784071525010946e-120 2.766858672202702552e-48 8.928316153638065498e-48 6.492999569315575864e-32 2.795187266676181690e-08 8.875898670877167961e-09 8.333725393011165439e-03 9.916662377792175853e-01
1.640903810529770046e-68 3.161918474144629158e-14 1.402951064761613743e-14 1.910041771006586333e-11 4.664930675662776888e-02 7.869262505100182992e-01 1.607548642036857323e-01 5.669578510522192000e-03
1.761181923595688124e-118 4.053008113342364002e-43 8.635541901082470995e-44 8.809493807139523528e-40 4.817639534382959678e-09 1.466091206953604089e-03 7.486049218615939416e-04 9.977852990535452937e-01
3.684070987272600236e-91 1.075570427547397084e-28 2.549003424578281431e-29 2.505437120562498052e-23 1.138124297368324749e-03 3.044289334517456951e-05 1.813909761782735719e-01 8.174404566310130571e-01
5.452157726905079532e-84 2.272478694824177908e-25 1.628457453919331138e-25 4.680064853430218952e-21 1.855146712804520929e-03 8.922986695369198792e-03 6.846173927340147847e-01 3.046044738578114752e-01
2.758900934016290644e-24 1.293500984522748809e-01 8.705544062368457681e-01 9.549531087929841189e-05 2.799509678145293364e-20 6.720854617381891016e-26 2.337380777588796594e-28 1.010935435419040286e-40
1.466906753860755998e-20 1.722376138567638937e-01 3.387975852196227766e-01 4.889648009236133852e-01 1.155025829096086007e-23 9.092369257298905974e-32 1.458007309213189699e-30 2.157875208637711711e-42
8.159447823239991749e-31 6.515076345608239450e-01 3.462240713723310215e-01 2.268293876697880310e-03 1.901457625904407524e-10 9.882962439687500796e-20 1.337836550140835428e-15 6.876094202586271751e-24
4.814898810532316625e-36 6.537312684501230819e-01 3.462577880594698287e-01 1.094348817298512578e-05 1.337458150592776267e-12 8.556129016452882739e-13 4.092546368606881890e-14 1.036181415213218482e-23
4.935917851207349406e-27 5.112831625669696581e-03 8.811836806058915769e-03 9.860753315682697639e-01 1.762671380908278327e-15 5.630630342595342444e-38 8.331519972738070513e-20 1.085438556691205303e-31
3.882016653369290475e-42 3.499289905663794439e-03 9.728634749381358526e-01 2.363723507170336496e-02 8.245528960247604915e-11 1.151243512949813696e-13 1.909297026072319558e-12 1.722776299671654789e-14
9.615601936541854853e-30 3.494814201377504682e-03 2.549531778926731815e-02 9.710098680093537382e-01 1.434454822477024611e-15 4.825744085955062017e-28 3.672038552169494034e-20 1.687310522127657870e-28
5.393198109923543885e-42 4.363118200867877314e-06 6.773915959447295689e-06 3.330977339378270028e-05 9.995493545408403735e-01 1.224799184243027002e-10 4.061933345569074651e-04 5.194568826698852603e-09
5.628499849126559286e-55 8.609562942156142282e-10 5.425320315609186978e-09 9.999999936423109581e-01 4.176128233726463529e-11 1.000902348341459555e-21 2.963775505493297104e-11 1.342281118130539901e-14
8.622853995317357041e-32 7.562165420656713488e-01 2.435881559383456518e-01 1.953019959830290617e-04 2.961275110058918687e-23 6.433639666645484476e-33 2.128671331676912910e-30 4.189393149084838799e-36
1.232384375375008535e-66 1.439418995897459358e-29 1.220539581882801744e-32 3.457064236956122537e-18 6.961224188752911379e-01 6.349087436972786497e-06 3.038146319828662345e-01 5.660005440568725805e-05
8.612724416976388756e-32 7.563637111836752913e-01 2.435900746665029815e-01 4.621414982164645090e-05 6.612387724881997326e-21 2.581824907324287080e-24 3.086570390056459339e-24 5.617504566695189474e-34
1.576450234986029063e-80 7.105211536735524769e-22 1.860161058515053454e-25 2.804854333405331350e-19 2.855908527362142624e-01 4.605035857688228571e-05 7.143552826543559942e-01 7.814250852917065522e-06
7.424443366840613563e-90 1.381164127838843117e-30 4.821395514014372774e-30 9.755834776930939880e-19 3.003276968627487803e-02 5.555244786596302831e-02 9.144135290997311705e-01 1.253348030949699995e-06
5.132590124516279929e-33 9.438236879540218283e-01 5.617383209527966603e-02 2.479946043707012486e-06 4.654776428544224203e-12 1.300468472019788898e-16 4.468482676669540301e-18 8.937690235008823490e-23
2.628672126793578617e-86 1.959076124193290909e-28 7.719136367962777331e-28 1.968608041401966276e-26 6.624896562819924405e-06 9.999882795762596865e-01 3.543251273758589346e-06 1.552275903797447309e-06
1.046360617048260091e-113 3.724850712638752044e-43 3.538196271607776891e-43 8.565454547565568848e-44 1.844591058648960023e-05 9.694115995320177204e-01 1.683529316799308806e-03 2.888642524059648400e-02
1.115995000873867207e-103 2.368589625487284760e-29 3.518983232033495007e-29 1.730725160818840372e-28 1.786608939923547612e-05 9.999608145925628078e-01 2.032976381617845605e-05 9.895542217176758514e-07
1.009247601325813284e-43 1.998029927773123822e-06 1.996422678217888252e-05 9.999780377432718748e-01 1.802543142917320796e-14 8.291775188943789400e-23 2.147645941987140600e-17 4.348226404385473258e-22
5.502782957594874336e-40 9.026271820033183735e-01 9.737166335410256390e-02 1.154429812899613842e-06 1.990814920319954310e-10 3.839687082129320356e-12 9.844397693791918043e-12 5.164003224113223813e-16
2.602866708837656935e-84 8.346229866247469815e-32 8.650298343385714754e-32 5.757229993025050300e-20 8.994073131005719812e-02 9.093448983113739947e-01 7.143600801221089642e-04 1.029844679520714922e-08
2.271945395231178222e-25 1.682522405290951331e-02 9.829222598227208563e-01 2.525161242786863472e-04 9.090876826786740939e-14 2.289403314354047325e-33 2.316514553685472083e-19 6.176151511500559393e-35
1.000000000000000000e+00 3.214294924250218624e-27 4.127633295745696823e-28 8.437171128770512131e-39 1.155823117502484783e-68 4.316957527163690972e-100 1.032534321470947768e-85 2.062404587550284770e-103
7.164902547692645199e-71 3.411495619256241125e-17 3.411668394914782410e-17 1.723250920689861634e-10 9.831747902018006524e-01 7.561966529137864623e-08 1.682513400614885427e-02 6.004825819994645683e-14
1.000000000000000000e+00 1.253802628947083484e-40 1.610069268532560240e-41 7.255821421778198427e-63 1.574728033146753799e-72 2.300429767041785835e-92 1.175137825559624119e-89 8.981495273083996824e-115
8.364352326604358710e-34 2.454725827247663121e-05 1.414907237046138331e-03 9.985605455046814294e-01 4.175995757531911846e-23 4.287905837893603197e-29 2.793208190325968454e-31 1.578546700007009900e-42
6.420008662336298429e-32 5.486565192341622850e-05 3.181912282207505476e-03 9.967632220656199582e-01 2.491731462107425011e-13 4.135146454869135499e-26 2.659716389287779565e-19 3.025844694710824093e-26
1.946533040924141970e-27 4.977586821581889698e-01 5.021802490906519534e-01 6.106875102007599523e-05 1.389088522835624168e-13 3.200803317097112671e-22 7.074918270870207146e-20 8.350850729166133283e-29
1.047792683965296259e-26 4.977753611234165820e-01 5.022080350171637120e-01 1.660385934839215242e-05 7.123489357904028671e-14 2.463046917401651679e-27 1.693745874286164488e-21 2.888070955182611330e-32
2.401879168522223266e-33 2.931239564621065941e-01 7.032770027531980439e-01 3.599040784695257955e-03 2.624254738953123238e-20 4.688207204797829163e-29 5.568189018941190037e-23 4.078407615868982170e-32
8.472874911633586467e-31 1.471606983291651914e-06 6.801740142385036359e-06 9.999917266528743909e-01 1.363858261376469034e-18 1.592763850028050771e-44 2.893690801743131289e-23 1.094845165159875014e-31
3.369562070074763001e-44 3.446596903315857369e-06 1.593935673037864974e-05 9.999806137706824805e-01 2.671639880879425725e-10 6.034231633858566714e-23 8.519785280437183868e-12 9.894982153616091678e-18
2.154379341937279685e-35 2.964072512427964323e-01 7.034905261136702448e-01 1.022222985566174555e-04 2.775851508749532136e-10 6.250568321010265582e-11 4.885975583859017541e-12 8.744338023875736899e-20
3.397086627757433061e-102 8.345162792521085260e-39 7.834249678689977127e-40 1.593597945586290697e-29 1.537891967485137171e-06 3.033346374669954916e-03 8.266631127677787072e-01 1.703020029655837042e-01
2.185858758378194442e-37 9.513709475090871559e-03 3.030048831655391406e-01 6.874814073577654172e-01 1.604621045777633625e-12 2.083865333796359520e-19 3.328691933717669786e-19 5.978558180170993756e-21
5.332503628103038004e-19 3.898327278597735202e-02 9.594722056412462452e-01 1.544521572776348358e-03 1.141161822614657818e-28 2.287816569667659276e-39 1.946256717500583390e-39 1.065157625506270252e-52
1.144942222572343590e-47 1.168493230900688545e-05 7.954374179874927836e-05 9.999087713106280528e-01 1.524451259357410348e-11 1.463968146818418705e-19 1.961482520580475107e-14 5.717649977563054393e-20
3.074904126010464732e-66 1.728753204554194942e-24 1.659103398946756956e-23 3.635995517554379679e-21 9.951771514769822691e-01 4.677487322359042302e-07 4.822358089836101779e-03 2.268444933040850841e-08
7.887499838227295735e-79 4.955597210113485385e-26 1.215953751964121893e-24 5.168161698210472259e-19 6.576403155588128081e-03 7.936796685204248678e-03 9.854273703321539957e-01 5.942982705361144467e-05
3.432095517661725246e-42 1.129756613872635345e-05 1.004569833282629337e-04 9.998881346736110398e-01 1.107673979858658156e-07 9.206187054584482852e-16 9.523036381886385742e-12 3.785996378615975800e-19
1.108557102065866594e-59 3.712779387627714090e-13 2.788378924464504824e-12 3.705146077963544076e-10 9.902976100111959834e-01 7.896797852785715846e-03 1.805591475700773097e-03 2.866431915422020979e-10
6.986024287729225228e-79 1.281130387146600449e-22 2.954042211707816163e-22 1.943341077466895775e-13 2.184128119096211407e-01 2.553672174655355077e-07 7.810009454891727598e-01 5.859872337942720810e-04
1.866995896963465948e-35 3.830042322232931609e-04 5.911328518992931512e-04 9.990258627535820724e-01 1.608552179413014475e-10 5.722585084356765643e-26 1.440263112324950269e-12 1.803684122382866923e-19
9.303744979749040162e-69 7.394915716719056145e-24 5.091368955272486842e-24 1.903626593331488909e-12 8.582491177318365416e-01 1.159971354091939293e-04 1.416329857225125666e-01 1.899408337956296851e-06
5.217676186534155488e-28 8.951273551710519083e-01 9.585129337121968407e-02 9.021351457728478754e-03 8.730220647387562523e-19 5.836746968542976354e-29 6.632390260310161939e-26 1.017112377989578945e-35
3.515784283990643564e-93 2.321915824725497997e-36 1.567642409713644702e-37 4.094602251609784058e-31 6.363597484243764524e-05 1.781555279003876764e-06 1.108237808779915234e-01 8.891108015918869345e-01
9.962962530714127750e-68 1.241201795796342868e-21 4.465352744694931692e-23 6.968598770727451297e-14 8.765219802937035398e-01 4.318472743543042632e-04 1.230393555811760270e-01 6.816850696478730941e-06
8.136159078181783534e-32 1.392027457200653226e-02 8.516738048523612159e-01 1.344059205756322206e-01 1.603749511754244051e-20 7.064872264529087791e-29 9.554091031309851906e-23 1.993080991815040789e-35
4.458025443084116048e-107 1.671937182116707695e-37 3.705237546629360560e-39 8.407533927894409309e-25 1.939905758020796117e-07 3.210077124338179286e-07 2.405284764518285726e-02 9.759466373565288677e-01
1.689139804657191302e-90 2.154449320680216068e-23 4.971621849504581808e-25 2.226884653178683286e-24 1.450893838355181839e-09 1.989628855126187867e-01 7.743675300381842597e-01 2.666958299830314225e-02
1.000000000000000000e+00 2.229180502533749410e-29 1.022584687010100442e-29 6.353076533743861826e-41 6.079996692201036960e-57 2.008391661216936353e-70 2.462639847612173174e-72 5.355772113731549355e-94
2.560740676348334593e-85 5.888041920211001828e-23 2.530889711630970962e-23 1.301534026870390532e-24 5.274941162615958247e-07 3.641391257905862540e-08 6.577279973844640804e-02 9.342266363535247642e-01
3.637742613239551798e-85 5.636496028149765902e-28 3.085083446991227460e-28 2.183706097142814513e-23 4.808248220802160934e-07 8.451424004168468437e-03 7.450305419231471049e-01 2.465175532478623976e-01
7.250336370729062312e-58 4.928565497203555114e-18 6.327359924394398541e-20 9.968119491148437002e-14 9.415845240983216069e-01 2.124631325070615842e-06 5.841298011808893770e-02 3.711521647323042931e-07
1.000000000000000000e+00 1.173452989407084552e-33 1.040728133620352574e-33 2.169976278567874422e-45 1.094393211867110033e-48 5.619198101988478782e-67 8.792504671294020330e-66 9.594499978406306541e-82
1.314771848409666948e-100 4.180871506812042130e-28 2.093750001241075486e-31 9.755789760038146580e-23 2.229864453366021297e-06 1.194102230692835986e-09 1.236919759629251658e-01 8.763057929785192934e-01
7.082025440284090708e-32 8.762524227553579736e-01 1.237469660939800042e-01 6.111506619831949019e-07 2.413916989096612061e-28 1.509649500704459638e-31 2.859551873161289053e-34 2.291151029446313565e-43
1.639381951000888970e-28 5.292807922459055181e-01 4.707191451031843554e-01 6.265091016942910274e-08 1.504368939929117294e-24 1.262909339977514552e-27 2.855386389637509049e-33 1.259550353362853302e-44
1.000000000000000000e+00 7.367579218285044942e-22 2.629667759746751361e-23 1.555591393857571910e-29 1.804625029944095465e-57 9.953700369676193738e-82 4.158909189731066714e-72 1.909883395613318293e-94
2.500025945066359872e-81 8.918036187573644025e-33 2.254392298140157341e-33 3.556064074555254806e-21 9.823828027820932229e-01 9.582867299181627835e-05 1.739272040971794053e-02 1.286481351969145145e-04
4.445907585394088027e-92 1.775683364937944570e-32 5.559873390314889309e-33 2.594193300226241692e-24 1.520611420430933655e-02 4.698538971603328229e-01 5.138745969610419850e-01 1.065391674315827953e-03
1.276032306066563744e-101 2.974774106081657272e-38 5.626378577406038309e-39 8.541410288608633730e-39 7.153109212138726342e-06 9.999922164849380790e-01 4.289957552134628874e-07 2.014100944955067023e-07
3.765549127188981508e-71 5.796076860485009145e-25 3.685097286549014612e-24 7.343849990938819773e-20 9.999578021513969572e-01 6.170907001378415311e-06 3.602694134850126841e-05 2.532865524288727901e-13
3.582779740546085078e-43 3.662253161830867634e-05 3.907606722135525550e-05 9.999243014011602870e-01 1.728020474036223606e-19 3.605518734383870426e-36 5.942231084235550201e-21 1.393352293289126124e-27
5.097271939380720543e-34 9.998394667723521367e-01 1.605332273317102083e-04 1.073224934130352288e-13 2.088647661986766191e-13 2.745346282401590483e-18 1.146532188118500684e-20 2.690083854405283146e-28
9.472745117530111223e-30 1.154099712299619932e-04 6.617025792893839464e-04 9.992228869502933764e-01 4.991872023169940519e-10 2.278541332762735745e-32 4.716212117453165436e-17 9.155902097552354450e-26
2.330528629523499764e-62 2.333785846860832672e-14 2.938131595558369147e-14 1.150063614807156285e-12 9.999991674554213894e-01 2.577948437243870494e-07 5.747426676407593116e-07 5.864482551210082767e-12
9.569653935064435331e-71 1.368486608269539498e-17 1.741756589297512090e-17 3.029973292697624258e-12 9.998745681462624102e-01 1.105702628795242585e-07 1.253210843148916181e-04 1.961298773143656740e-10
2.767437855072672235e-103 8.470574353927314807e-43 3.609226846303349233e-40 1.659077599476245091e-28 9.252294886733516765e-06 1.553685472210054295e-06 9.991201374926103052e-01 8.690565270307158306e-04
1.002999942102102130e-103 6.991431764997879893e-29 2.055236266376167908e-29 3.835498542819543545e-19 6.361132869880284320e-09 2.995444911365397157e-09 2.512976058059585016e-03 9.974870145853627079e-01
1.030531801044142474e-35 2.704911573861211449e-02 1.987242097424022913e-01 7.742261883530673350e-01 4.861658391799024515e-07 2.852743312700786431e-24 7.903576668901663776e-14 2.303163857037330402e-19
5.182531659376195557e-74 8.702114005574945477e-16 3.561740933496066758e-16 2.025497499053539908e-24 9.788829523197652930e-05 3.111981348500827416e-01 6.451518616105382797e-01 4.355211524414594887e-02
5.632171153698636864e-78 1.345599125548952850e-18 3.833467574985355475e-19 5.187814849623829880e-14 7.414108782811257422e-06 2.169025855299189600e-06 8.705888443362874360e-03 9.912845284219472530e-01
4.224040509430531803e-105 6.003446182446566111e-25 6.000237628040614338e-25 4.938689024744430205e-25 8.929538780204809365e-08 1.454521125272883390e-04 4.959070614597915760e-02 9.502637524461057250e-01
9.820966850822427128e-67 7.688358279253717308e-24 1.683879055585199445e-25 1.821066893257195333e-16 9.996222668873195882e-01 1.490228058368658204e-05 3.628276555598403813e-04 3.176536801186411180e-09
5.973804127832580502e-42 9.502574844692427414e-01 4.974183473189942861e-02 6.807988567269878257e-07 1.118665500266018012e-15 8.379530395000878751e-22 1.496010247327493842e-22 3.596969596437605117e-25
5.323189793776734329e-95 3.838557327168691779e-40 2.028730908512542816e-41 8.103821508753915848e-25 9.964733833118762703e-05 4.734624127671420142e-05 9.998486663942037778e-01 4.340026188370674828e-06
8.068474450564008491e-28 9.243017351351994204e-01 7.569826466470606918e-02 2.000945896253956505e-10 7.999465210843462644e-35 5.837119169024309213e-47 1.779769526339252790e-33 3.947767933164620611e-43
1.000000000000000000e+00 3.029131450362284455e-24 1.514574210589523992e-24 2.102085179585348799e-46 1.394468246361994763e-55 3.921898756465325932e-63 2.581973044388076825e-68 1.947215830038074235e-86
1.375069361632269129e-38 1.116446380096327434e-02 7.569826466470594428e-02 9.131372715343305524e-01 3.016810116802325288e-17 2.613849465911083647e-21 2.086009776664790674e-19 7.197340278218167696e-17
4.773805321577727875e-64 3.641096994497226169e-20 1.294687910856359349e-17 1.722252894997336450e-17 9.888355310589025393e-01 1.068045757502904417e-08 1.116445826063990239e-02 7.214566285703610713e-17
2.721736430362554105e-38 7.825553485450043034e-01 2.174412701959760053e-01 3.381219746162223932e-06 3.915673014592186204e-11 2.537154617192436323e-15 1.142003442141943117e-13 7.777413919114756084e-19
3.986192373100919463e-34 7.825506273963318549e-01 2.174381571240983635e-01 1.121547929824599329e-05 2.715131891066640882e-13 1.198928162527105709e-20 9.182517146177046669e-19 1.706797069536725727e-24
5.040770083843584902e-25 7.825481933222375730e-01 2.174365518480359527e-01 1.525482972643156888e-05 4.812750074979981332e-26 1.842198484561356206e-36 1.295298023686931289e-33 1.951451144401200467e-45
1.052074196910085949e-98 9.422026647808179216e-34 3.198289722146838996e-34 1.104102932805775312e-23 1.500596630377706235e-04 1.503619057700722873e-04 8.592765711283292251e-01 1.404230073028629178e-01
1.085505078633779407e-66 8.328195286857125911e-20 2.138583996507361159e-20 1.930821700733780522e-14 9.983622564732017590e-01 5.388531763499262517e-04 1.093565498223236006e-03 5.324852205690921166e-06
1.753267851381500767e-93 6.753082532636157970e-28 7.899794466945135994e-29 4.937197373814339664e-20 1.026214844511582041e-04 4.502582365813096756e-05 6.128589033897026417e-02 9.385664623529205164e-01
1.129452017537795403e-27 5.879232268175540316e-02 5.087329922182187193e-03 9.361203473960596488e-01 2.687325569196441664e-15 7.234936394193068115e-38 7.529438572273185060e-24 1.572422726422209222e-32
1.000000000000000000e+00 2.821485117506723905e-23 2.164659028152626533e-24 5.803534437973974680e-31 3.507939177598325387e-46 4.358502433106940476e-65 2.332569249151997713e-57 4.203124371132386485e-76
6.953336919332626083e-87 8.392270335762719616e-29 2.560532231505174065e-29 1.646210010432331567e-31 9.398106124121381139e-06 9.999784114495223752e-01 1.155828185318398410e-05 6.321625003281088863e-07
3.242523022047878974e-88 2.185895500204114770e-23 4.418585913059794226e-23 2.094158370164674249e-17 1.566897312710591793e-05 7.372798975812062949e-03 8.647005068028362773e-01 1.279110252482244525e-01
2.863955750409227203e-84 8.110819573912924245e-28 7.453595903421677646e-28 1.241305999917192097e-20 7.581046175257711260e-03 9.732625469941445784e-02 8.877827754215357192e-01 7.309923703792038825e-03
6.788447864607349333e-77 2.718719244213311856e-17 1.604490179148378254e-17 2.332115705830696430e-14 1.815743569399840300e-03 2.725748704182734752e-02 9.562169864084055781e-01 1.470978298034396684e-02
1.804904354724153105e-28 5.002086008442545584e-01 4.997913982295427715e-01 9.262026316079778969e-10 7.177697259128306796e-20 1.645104441465685526e-30 1.291809164750874715e-27 2.970874901475090370e-42
5.810976448940130481e-82 1.250245607099403273e-20 2.207815072088956797e-20 1.029693365381137659e-22 6.569206575913122014e-07 9.999992367256814729e-01 1.062583206041708735e-07 9.534021443044840025e-11
9.238286748501127431e-27 5.002085970620637756e-01 4.997909875488860676e-01 4.153880723375458688e-07 6.509625022285977553e-13 3.268277462720120348e-13 5.953361572152044845e-19 1.311381850486315044e-29
8.452909697670197172e-71 1.284152946531842137e-17 1.286311109142247984e-17 5.959974955037658297e-13 9.991256417537330847e-01 2.839247094858789156e-04 5.903973491191202155e-04 3.618706599517964095e-08
2.332258066470929502e-27 5.287903401621110167e-01 4.712095567826843912e-01 1.030552045768564139e-07 2.744848309591803830e-19 2.147537126146518915e-18 1.451117964836004611e-23 9.132701566580087519e-34
3.276287736830457223e-66 3.885999973175652051e-26 1.977731655767193693e-34 5.430096348699207142e-27 9.989937235724977160e-01 2.178622436723490684e-10 1.006274963341107767e-03 1.246298840335986010e-09
7.191317885195401725e-30 5.287867371241005143e-01 4.712095371511130226e-01 3.725724786527209489e-06 5.922748355538736908e-19 1.313107333475856195e-21 9.102129253196082298e-25 4.929957769753055766e-34
2.399080434030991122e-98 6.530692672855402075e-43 3.807660603464753501e-54 9.025180113043485898e-44 5.018149595854190086e-05 6.191761702729831063e-02 8.205695666003396394e-01 1.174626348764035155e-01
1.582664789696838769e-57 1.462364230052499669e-15 1.048609913362310669e-15 7.320097421698065049e-05 9.998618465167200542e-01 1.033312834392973408e-06 6.390896282100929336e-05 1.023340504439230998e-08
2.055683335977448938e-23 2.391464934194242463e-04 1.924995129231290203e-04 9.995683539936445205e-01 1.283882151046505200e-14 2.854432242603639769e-26 2.431941565883049982e-25 3.254759323393998971e-34
3.256337779301536445e-22 6.637802576865101667e-01 3.327910567615207649e-01 3.428685551958691319e-03 1.044337229309104212e-14 1.749380614144748292e-18 2.322485267736101453e-22 1.351518243694284917e-28
2.336593271548041973e-32 6.639391221194530512e-01 3.351421447446891744e-01 9.187331358578176453e-04 1.260014818934940751e-23 8.448383673945441633e-38 7.470968261661224811e-32 1.093584839819419293e-38
6.074241263299879560e-23 4.142358170654684701e-01 5.667727963306981032e-01 1.899138660383350302e-02 2.570158781787097387e-20 5.969845638646230218e-29 5.584989738566529284e-30 2.186111685982286074e-37
5.762260444993272784e-95 3.443367596899730717e-27 1.760808808700655425e-27 4.370367079000824978e-35 1.894939505000720194e-07 2.354753541995863730e-01 2.579355942428407378e-01 5.065888620636223028e-01
3.274852504051604152e-22 4.172701975411779451e-01 5.827208759847118946e-01 8.926474110156794585e-06 7.193323657530261726e-37 1.114290093930766433e-33 9.588216175029740152e-48 3.803390491519124171e-57
1.000000000000000000e+00 6.167879748740409488e-35 1.060452338526289384e-34 3.811985686996435221e-41 7.318501417170442200e-71 3.138250751383716019e-92 1.002268711192962315e-82 1.461225386506831688e-100
2.351777017573742887e-56 1.305821156620308107e-02 9.869411524170913497e-01 6.360167055760483259e-07 5.945077223374654260e-58 1.034169812524930501e-39 2.314088072458553164e-45 2.022696967552568540e-51
1.000000000000000000e+00 7.241674879952468004e-43 1.941062462345386216e-43 1.072037785913695719e-51 1.448832912358708869e-86 1.091571691028422196e-120 2.490557386459382042e-94 1.508815673538846509e-112
1.000000000000000000e+00 1.899688380303100375e-25 5.091935037525817438e-26 2.340893559744334674e-37 1.146140820018106343e-82 4.627931669962694209e-104 4.879059162157888096e-88 3.429195622561697511e-104
1.796958878643847126e-112 2.023336538757281103e-51 2.314088073158287982e-45 1.034169812990815217e-39 5.071853256281856904e-26 6.360167055760481141e-07 9.869411524170912386e-01 1.305821156620307760e-02
3.491219574737521620e-51 9.525596545486474387e-01 4.698995807492607757e-02 4.503871170425639099e-04 1.203195387958742761e-13 2.512038653167986448e-15 2.592140247339373748e-10 4.716318590611670306e-14
6.222817852032861379e-81 3.582467704737108877e-22 5.759878829006309998e-19 5.625800230411021287e-14 4.595504848739590475e-04 3.583724099936436147e-02 9.497834224927291791e-01 1.391978602297631699e-02
1.084105235603988156e-44 6.471914423534204722e-03 1.053689137250201496e-02 9.829911942038552786e-01 1.085828800185995118e-13 1.514289878469664288e-30 1.194225598688391317e-17 2.110826741285528737e-21
2.378914721537171533e-52 9.417063567424663028e-06 1.537228154681766372e-05 9.999752106548857045e-01 1.047178729723915929e-18 6.647921014435211244e-23 3.852009849561917575e-21 1.339762535226556916e-21
1.197722856030623737e-96 2.045139438111807176e-35 8.938466936962295222e-45 4.399177680826500715e-31 7.437065802246656404e-10 2.397415755573594737e-09 9.881769107183592249e-01 1.182308614051851524e-02
2.830815386050056777e-27 1.180997138370797062e-02 9.881858970979630064e-01 4.131518328947763538e-06 1.133262488676284864e-47 9.295632992687640737e-55 6.987076444803472807e-56 8.484491425760949622e-54
8.921046576055272225e-105 7.727680609607067430e-31 3.862929844571135244e-31 3.785528684251381526e-46 2.670721375192497096e-14 9.999999611214830386e-01 3.619557850004186358e-08 2.682911694053899348e-09
1.120375206175782503e-49 4.974125635220143864e-08 1.718446917304924761e-05 9.999827657895705713e-01 5.068148175544343389e-34 1.501313953889311304e-35 4.394526194381795371e-31 1.735253601348762995e-26
1.000000000000000000e+00 3.487843882787843610e-55 1.088988614966841135e-52 1.163034746216576342e-55 1.647778383865521174e-73 6.590929630203953614e-108 2.904308387852890072e-89 1.983558494540127406e-97
6.895960909491547937e-71 1.642161158597810307e-38 9.052620431375288171e-42 1.401333518682667252e-28 6.539583133175111545e-14 6.552123873453874429e-26 9.998971803476484066e-01 1.028196522862681773e-04
9.887854034098286576e-93 9.529956460434673396e-18 1.261455825004310611e-19 6.538617983864979144e-14 1.401333518685531058e-28 1.061756407328676444e-41 8.729047377078967529e-05 9.999127095261638454e-01
1.236320271296877945e-49 6.538618444755881333e-14 1.552917851547861046e-05 9.999844708214191691e-01 8.829552602073552277e-54 3.349677267015872066e-76 1.710178228675258727e-45 3.551414924986731821e-52
3.497381118113614547e-21 6.904905798858939070e-01 3.094429017879943844e-01 6.651832611169074109e-05 1.196852060986698002e-36 1.880322563300484496e-55 1.960247295805789323e-24 1.548120790771752271e-35
1.000000000000000000e+00 1.775434866417364565e-25 1.032292126159753001e-28 4.893063294331406961e-44 1.302533503075866613e-60 3.798022244361003844e-91 2.648358392866152197e-77 1.246311321844464341e-92
2.323881483845394570e-112 3.212810765287893859e-45 2.052165887375427012e-48 1.202773559972272801e-36 2.826489242714786410e-01 6.185257551003608967e-01 9.882532062816043461e-02 7.402954509275804110e-22
1.408567138601034125e-20 4.081547165044526193e-01 3.094429017879943844e-01 2.824023817075529963e-01 3.038674847402627469e-40 4.420093700280240881e-58 5.101597233648198841e-34 1.125580496722201066e-59
2.408454255168172941e-19 6.666635932535708298e-01 3.333361597463898041e-01 2.470000393830237037e-07 8.671175566907964470e-32 2.162927740327153987e-45 1.024836136714563363e-37 7.530292509088152162e-50
1.405406143161948764e-39 6.666635795980846435e-01 3.333356210218463844e-01 7.993799261152234252e-07 2.321718045659995649e-14 1.180842726858719975e-13 1.435486579355745193e-15 9.790000189797387961e-21
1.000000000000000000e+00 1.174811153341305094e-48 1.181108485693087672e-48 3.853924058785058861e-58 5.163179891993907843e-78 1.916499015609751471e-98 1.166083727625960356e-92 9.211233758072403877e-114
9.002625522188042156e-29 6.666635927003596862e-01 3.333358413562353406e-01 5.659434049036069765e-07 1.369190365291026949e-23 2.812739739606423042e-32 5.866046645761147623e-28 6.245007876426995709e-38
2.108604244422210998e-19 6.661146062353265895e-01 3.338422497894520391e-01 4.314397522143287490e-05 4.003604643478457453e-17 1.124702818348240930e-31 1.997417993698780800e-22 2.255440453805647510e-30
8.258277273151057272e-32 2.784002500920239580e-05 4.789277133640656580e-05 9.999242660373764968e-01 1.166277701566417988e-09 1.160398501179301017e-25 1.536853905629282876e-16 5.448519437420413908e-24
1.672461768442868441e-67 2.464159162984555533e-18 5.244927628672947458e-18 1.376385236634831827e-16 9.969771056767587902e-01 4.761662424599118727e-08 3.022252612172644619e-03 5.940944440284830927e-07
2.072654262627366045e-29 6.661148563186384264e-01 3.338850585090809009e-01 8.500191566896054085e-08 1.563617861996059201e-10 6.026534743552783344e-19 1.400325708445955244e-11 1.183755914642278463e-21
1.893770119633786151e-35 7.464205221952788904e-08 1.339231647948951976e-07 9.999997914347831252e-01 7.098686943389103042e-21 6.166119117782399356e-42 2.329456014660037852e-28 1.003126078452539487e-45
3.661772212606669676e-31 9.989154721239821288e-01 1.084525899558731786e-03 1.976459167123138457e-09 6.831754998913980175e-18 1.045523026056030201e-20 6.563376042281170446e-27 1.185873044006923099e-32
9.287404751310485809e-31 9.988535222036193373e-01 1.084518676240125339e-03 6.195453121153652015e-05 4.588928799877075401e-09 1.715091196409971104e-17 2.629399141961259422e-16 3.434405711126761360e-22
3.025325686720572111e-32 6.042528077823828680e-04 1.084380662947788052e-03 9.983113637213705260e-01 2.807031750041854629e-09 3.382676916341958661e-22 8.675751551210813844e-13 2.055288431125311566e-21
8.342565549133967359e-38 2.425969433473271059e-05 2.519957416933034359e-05 9.999505407314959182e-01 1.779552105482251949e-19 4.635973751539400648e-31 1.357361199391524222e-22 3.521564405914427346e-27
3.662418313187181395e-89 3.070135472595852294e-25 6.095754643248311419e-25 7.662636813562663625e-19 4.542203294357100192e-03 8.735876667664509878e-06 9.623513828622587418e-01 3.309767796671631013e-02
6.750528855761950718e-20 5.173496556377917832e-01 4.826501950788741335e-01 1.492833341542513383e-07 4.769241213795584120e-22 4.755661179966056654e-20 9.561904624274047006e-24 1.345687856683882703e-32
1.927203580228819589e-30 5.173496568346390712e-01 4.826503425756131227e-01 5.897477726636957434e-10 4.056246418957481051e-24 2.185914643112503301e-23 1.557642157188322054e-26 6.806903932773394588e-36
6.632712371839790440e-41 8.035840941670069516e-06 1.055326960207521105e-08 9.999919535979984175e-01 7.790271244160532601e-12 1.458784596697465819e-23 3.618901484149094986e-17 5.345101255526407215e-22
1.000000000000000000e+00 5.712046497235869711e-37 8.038838778758149414e-36 1.277822853362816611e-43 6.855913087586469049e-75 5.752753151875588281e-101 3.971884664044714126e-90 1.771409444819633083e-111
1.565789821525418260e-79 2.766583224022679335e-29 2.877902220006530227e-30 4.999914057135817526e-19 6.069152203885951335e-01 2.254328902875921196e-07 3.930802489420610057e-01 4.305236453610162593e-06
8.545073403614180407e-91 2.052824780568155619e-35 1.223954246557648548e-34 5.005710407770011152e-33 4.132011373162810463e-09 9.999733251619785657e-01 1.580114389869952894e-05 1.086956211139618904e-05
1.343176951832164414e-40 2.585430537155491426e-01 7.413582903200963692e-01 9.865596435466453338e-05 6.674520558535225177e-25 2.651618542838216257e-33 1.199589307693645630e-25 1.417823562923712618e-28
3.054409190343551008e-40 2.583548818011103809e-01 7.412533925444305671e-01 3.917256544590105253e-04 1.594832545477240998e-22 1.420836392092811948e-24 2.588206537519298747e-23 1.760294343424014057e-25
5.455700634229260969e-32 2.586003196034853957e-01 7.413902759097795725e-01 9.404486735098969204e-06 2.303915309916063246e-26 2.504314183390675595e-25 7.462880650663334790e-27 1.546502862896563453e-29
4.752145484206486300e-71 1.007256151157293603e-25 1.007828460483923652e-25 1.695550487421264763e-17 8.959797617371764167e-01 2.354007177725684892e-05 1.039857691386804756e-01 1.092905236577855457e-05
2.992304109041353649e-22 6.547751440358040922e-03 9.934521491396689497e-01 9.941997300859887420e-08 1.022826145066534425e-23 4.146367012480290808e-25 4.000028605024141250e-34 8.975691139495861284e-44
2.964009244254390034e-58 5.544104939184205559e-13 4.145407649257077063e-13 1.919889926404299607e-12 9.998554591967231397e-01 5.992188862376439346e-05 8.458689620613051323e-05 3.201555806327082503e-08
2.272878989355745688e-127 1.157725760438942204e-43 1.907752323828614015e-42 8.288373267306393020e-31 2.031321505672130886e-10 1.686397016879408409e-05 1.893470909496511052e-04 9.997937887357494224e-01
1.025475281278088983e-98 1.994354322826169329e-27 8.617829222974648402e-30 4.741848004226918692e-29 2.185094607657063038e-09 9.974675234616399155e-01 2.413693709620514868e-03 1.187806436450787069e-04
1.562898160058291634e-59 9.784976062390881956e-12 4.556338225350024158e-13 3.021784677444487065e-10 7.143035892226769212e-02 1.548554050652342510e-03 8.466621401592958618e-01 8.035894655536508779e-02
2.018410153462137000e-40 7.449791521274012895e-02 9.252670567909576649e-01 2.350279963022191762e-04 2.736437949332669180e-18 7.997057532099089018e-31 1.337722561843154456e-22 4.727869897602102311e-27
3.050344736904060089e-85 6.526674685798427308e-23 6.338062583004733144e-23 1.345762397283451525e-18 7.946942192637522061e-05 2.989165775752834486e-01 3.396444200025759697e-02 6.670395110025325591e-01
1.270184734515980475e-98 1.324328965281494658e-30 1.256477962946810613e-30 5.024051314751090928e-31 2.258132249722791442e-06 7.024254754444445581e-01 1.822714565908453710e-02 2.793451207642211331e-01
3.617282265644831192e-85 2.841551483723823788e-33 6.587697247952619087e-35 1.812677086048287475e-30 7.041175440504217572e-19 1.045140139069830419e-30 9.966158802963438479e-01 3.384119703656147341e-03
8.651067248086487278e-89 5.424028317923037905e-19 1.059082176845239241e-24 1.617430592768360536e-19 1.815408765682108907e-30 1.317432769315421807e-34 3.384022887284815050e-03 9.966159771127152123e-01
2.035412606335133279e-41 1.617724653790211875e-19 9.681637133344670306e-08 9.999999031836286356e-01 9.109042154798506867e-55 3.760043897924086562e-92 4.303784555341221355e-39 2.015191826495556172e-50
1.000000000000000000e+00 1.364268176183172032e-56 2.570610553699574434e-56 4.475543276828331559e-56 1.020301223246085266e-87 2.138269726424530299e-139 1.454735073217288875e-108 2.593197522572786620e-118
5.750580695485985596e-81 8.228618316166079959e-19 8.576699894304072730e-20 3.807411032645245452e-16 3.928390664898260935e-03 2.340008986857549154e-07 9.653861043992053581e-01 3.068527093499744812e-02
3.849909004126624013e-35 5.394080014801053494e-03 3.191301064359852724e-02 9.626929093415224070e-01 7.825200672103126156e-14 5.494680644097155847e-25 8.588069340179598427e-22 1.811332712234168927e-26
9.820619947726490379e-68 5.077355635848720538e-26 2.362792363111304479e-27 2.367810406998712065e-15 9.889022058787668712e-01 2.314086797702632602e-03 8.783694966008269780e-03 1.235751990598525362e-08
5.830391191342863467e-99 3.425646011750168522e-22 4.038248333019142653e-22 3.499042005089956539e-29 3.203482629042615566e-11 9.999994678232192458e-01 6.085626927889463285e-08 4.712884767398206626e-07
2.698578450305852418e-93 7.545830806619762869e-22 6.777098043707859199e-24 2.253976200157882003e-22 3.619931807052892135e-33 3.343953239777440732e-36 2.074628478929779155e-04 9.997925371521070304e-01
1.075497991106146468e-49 9.799582245397919751e-22 9.993603683566893991e-01 6.396316433105526033e-04 1.077487495650190670e-46 4.137977585236908932e-56 1.697915386134858619e-41 3.632364734691605958e-52
4.206740891401425326e-114 7.400650521667931196e-41 4.717505406399652117e-43 3.016212799388372757e-33 2.293595612096116380e-22 5.675266047785483707e-24 4.321687954175746607e-04 9.995678312045823688e-01
1.000000000000000000e+00 2.362777478752000356e-32 2.447983651889233269e-33 9.632542842571911169e-33 1.242599961219747852e-83 2.133366670986917851e-125 1.284387485652940834e-101 1.602122395340329042e-116
1.837323171187466485e-25 8.490123156211438760e-01 1.509876803974337101e-01 3.981422385752919092e-09 1.847615301817459923e-22 2.440885019740988923e-27 7.841869596046768505e-30 3.387622175006198023e-37
3.551624696380906325e-93 2.077647910731886675e-32 1.292624901840865863e-34 2.631962102505140144e-24 2.237412523255510183e-02 1.601382815005465698e-02 5.956725094990260594e-01 3.659395371183641887e-01
7.642851496864483263e-16 8.490075623447619346e-01 1.509874631107643861e-01 4.974544472809666026e-06 6.194179172767278023e-19 9.192285397412107634e-18 1.282222387429059771e-25 2.511804427901372667e-37
1.258862858390822241e-101 8.509283604917758579e-64 7.680231762494911186e-62 4.027051104346849055e-30 2.723336578134389341e-01 1.820636811902659469e-01 5.455587906436248913e-01 4.387035267016368040e-05
1.726720824632995610e-28 4.959825992037291686e-01 5.040172436897762953e-01 1.571064945595769073e-07 1.509594078348781126e-20 1.420216316831166442e-29 8.409262913280864548e-28 1.400097943666574743e-39
4.879855910177914610e-67 1.130341354164007247e-26 1.823980238581200608e-25 5.828294581457305427e-20 9.983224669006399710e-01 1.515689630659831721e-11 1.677510786561920960e-03 2.229764118114454399e-08
2.122667412566800886e-95 5.439337464563917873e-29 2.023573072055255772e-33 1.780672837054262293e-34 7.558047018371962282e-10 9.979048680827216078e-01 8.386703688260972050e-06 2.086744457785466838e-03
5.451879153445000403e-33 4.959812770673567850e-01 4.959956868180770972e-01 8.023036114565992860e-03 8.380584509830018787e-17 6.917193445328022670e-27 3.002816390598818340e-20 2.441406888880505517e-27
1.216048286067258713e-59 2.164385955446841551e-04 1.452661386956601366e-03 9.983309000140906386e-01 3.392464772691692922e-12 1.592284880722677893e-28 1.563851058236773768e-14 6.776200209238587318e-21
3.981001269392172977e-42 1.965946030862262438e-07 1.322081073997035989e-06 9.999984812020658032e-01 1.222567966881247386e-10 4.689300413143802071e-21 2.359306630480447439e-16 2.120329679444128815e-24
1.343679928765494685e-48 2.702729249361841130e-06 9.798337730550782387e-01 1.746642690730506806e-02 2.696626586099923079e-03 3.181422098490047665e-10 4.704038421550499541e-07 2.831051357222459977e-13
1.799875700924895226e-40 2.447448574432950497e-03 1.608547496329489415e-02 9.814670764618892429e-01 3.827731800097079639e-13 1.039247682448552950e-17 1.100024651006123228e-19 2.182649869542774239e-26
9.193861936383254600e-73 4.436937599725715834e-17 2.485923352180407153e-17 2.760934076384271366e-13 9.915505012800196472e-01 4.929006985597258854e-03 3.436116087999198116e-03 8.437564610765800773e-05
5.907188314493266851e-57 2.284794027387655754e-24 1.241607680587372783e-24 4.162887189349992615e-17 9.978328127171320894e-01 5.569447032509659856e-08 2.167123127192490881e-03 8.461205079912335386e-09
3.440487613778289328e-33 9.123738982378382101e-01 8.687426725133995387e-02 7.518345108218891810e-04 1.832014339531569078e-17 4.796578106944651492e-25 9.104248620462887179e-23 3.341915363484257291e-32
2.843904783909211390e-98 1.794488678078883985e-33 2.380646001350053767e-33 4.871840283432659078e-25 3.389668406554495423e-05 6.444242753598792076e-03 9.086218216818049698e-02 9.026596783941551738e-01
3.977670476370473713e-103 1.114455961983409314e-36 7.922136699507180463e-37 4.695447877746703951e-29 4.613539450225561818e-09 2.970692114598934112e-07 9.754922094838452268e-03 9.902447762224105832e-01
1.000000000000000000e+00 4.590808507881622891e-19 6.830102466108708281e-20 1.122379872792847255e-28 9.864380765033119813e-43 1.786520073043175499e-62 1.555435093939336921e-54 2.889615279103119681e-71
7.127173855789843595e-59 5.636543932303041787e-18 1.430457314739005916e-17 2.699676856619368340e-08 9.981514398330021409e-01 1.045363678019450046e-04 1.743996753245755094e-03 4.918140420802819622e-11
4.436565891391283471e-32 2.664756663236322320e-01 7.018934671438735728e-01 3.163086653248189245e-02 1.226404578637498390e-14 3.251510973162109965e-23 1.304568788269933346e-17 1.868001406646884634e-24
1.586723023989661352e-75 2.074556184420514069e-30 2.073925261651087658e-30 9.844923548029705646e-26 5.217317061673851786e-01 3.940741097719246966e-02 4.378906937883259021e-01 9.701890670963501679e-04
9.685489378731645394e-22 1.992891438885324717e-01 8.007042235007755249e-01 4.917296355021116643e-08 6.532547903888512518e-06 5.088981060626962233e-08 1.400053284860876393e-14 5.040895097862489101e-22
2.251384840506545764e-50 1.646116075259661861e-14 1.627065801582637476e-14 3.376186640651796184e-13 7.221449564865866089e-01 2.498184216661834280e-04 2.776015341917880686e-01 3.690899588784512053e-06
1.561372840831331862e-59 2.714805881474418933e-26 2.681174742981984231e-26 5.912504082428147729e-19 6.875262355069998721e-01 1.917067604277827918e-04 2.966088664235917438e-01 1.567319130898058022e-02
3.529782962726623868e-34 2.294692272582226381e-05 2.991726570983621060e-04 9.996778804201756907e-01 5.498855420635887725e-18 2.239229765614649055e-42 3.316226562405418461e-22 1.158034970491304321e-42
4.549729658681804756e-36 1.702651954315851290e-03 2.216548154818759331e-02 9.761318612506666437e-01 5.243288815333278710e-09 9.503888648782953363e-24 3.541079930238410470e-12 5.518575538231538273e-21
7.018537864163910344e-24 9.774509493717251640e-01 2.253317113055428728e-02 1.587949772059872223e-05 5.117121030390722157e-20 2.262517972513829782e-35 7.983084552321297486e-31 1.271977367767380757e-45
3.286617734343214073e-43 5.258930608658570469e-06 6.855388006962154072e-05 9.999261871893170284e-01 4.525768136494889559e-15 1.643878900757701871e-29 1.665583031197888327e-16 2.018111820071468365e-28
8.475029506123598676e-80 4.085072263439467406e-22 4.437300956466829889e-23 1.134372094169323680e-18 5.058240373010475244e-02 2.489755442282309697e-05 9.388402536811647492e-01 1.055244503430770656e-02
7.752440071112697354e-56 2.365911740726325645e-13 3.018737423797596092e-14 5.075286250782329497e-16 9.212537640076134959e-01 1.403292089077359415e-03 7.728821139841683674e-02 5.473250462493115318e-05
5.350996349772785897e-77 3.787958855492430504e-18 3.015347399830305176e-17 1.069616279855509999e-17 2.055591820761698031e-03 9.495313509746108188e-03 9.839854705796504675e-01 4.463624089841743657e-03
1.641718690805733026e-68 2.219774676115238027e-15 2.344457762972799984e-16 2.456182491401321389e-12 2.580360855334517742e-02 3.324918652983702757e-03 9.706266105595346971e-01 2.448622316777123754e-04
8.475974437806406456e-32 8.962216550439239260e-01 1.037783029376199151e-01 4.201845607848028186e-08 3.759068681973075703e-18 3.684977346977971517e-19 2.386408435007364295e-17 2.668957436490036230e-27
2.536516807243272808e-99 7.024372026813579741e-28 1.408080253963577528e-27 3.135073939671171675e-17 2.604256762453443437e-05 6.280671847265841294e-04 2.059001308349445725e-01 7.934457594127042324e-01
4.835314233105320949e-23 8.962216939106795177e-01 1.037783056057104830e-01 4.836099726703894655e-10 1.891838856063320677e-24 6.655797000640836616e-28 4.766559958883630171e-28 9.245605273531455085e-42
1.109235353657373819e-38 5.353999977878602439e-04 5.491066775773936585e-04 9.989154933246346957e-01 6.019771381220652889e-20 7.042939081750708802e-26 1.576267357245622883e-16 9.036179228821629521e-24
2.120938792133563385e-67 1.605869500730081823e-12 8.557063160189746446e-14 4.817451645267226706e-14 3.121584272978906137e-03 2.771203532353828889e-05 8.515926921884030554e-01 1.452580115015548734e-01
1.366285023889246904e-116 3.604243783513702803e-43 3.611068443374670475e-42 4.068092635915865479e-40 1.311399810338565975e-05 3.917561711402511011e-06 8.447667281705590128e-03 9.915353011584796539e-01
3.296686731949433046e-78 1.116613697365467848e-16 6.000696642970146921e-18 4.383437771756076178e-14 4.319484818348233099e-03 1.300134922260310122e-08 2.015380706287841495e-01 7.941424315514744592e-01
1.000000000000000000e+00 4.264572942005951786e-25 2.191431044149468537e-24 2.692415973355608929e-30 7.292982383476616509e-67 4.306967830958657568e-93 1.866570970186594300e-85 1.363711322690443333e-109
9.671712567211144081e-22 3.331717079180437913e-01 6.668272763763336553e-01 1.015705622431655330e-06 3.985889191686282723e-27 9.296568088758673236e-38 7.602951896888951900e-39 2.255396295723400867e-52
1.155307036791756828e-24 3.331173396849534396e-01 6.666756502831923115e-01 2.070100318542590157e-04 1.168661078408082978e-16 3.874508594471248847e-27 7.725687814855169235e-25 2.007064609033270126e-35
1.000000000000000000e+00 3.041148229832723080e-26 5.107915992562934550e-26 8.059901438927156736e-34 1.093009964638798250e-69 2.177818083615538709e-102 2.176267378172245084e-87 2.250329218086962174e-107
2.029984351684290335e-67 2.617647947065730839e-19 1.472099867477448131e-19 6.400056295986211802e-16 1.530828433480447420e-04 8.237334997326595460e-04 9.986406758120133231e-01 3.825078449052704511e-04
1.833661147313975334e-30 9.090216529009287338e-01 9.087364371406525532e-02 1.047033849802661890e-04 2.571296573066845803e-14 4.128663222539005510e-20 2.200262015258371721e-24 1.618753743990840116e-31
2.601863553452366339e-107 1.796404582489344737e-44 4.490725471193046204e-43 1.489649572243893581e-26 9.159444426693429380e-05 5.026403481798319326e-06 9.513043658120953205e-01 4.859901334015589297e-02
7.798487381080718477e-54 7.979085503361239162e-16 1.325826139842404913e-15 4.521030635347401787e-14 9.436364712797205012e-01 3.203145237043525384e-02 2.433205148351097122e-02 2.486628600332626295e-08
1.189300169995603175e-70 2.266390066171941892e-18 3.330306733236178452e-17 1.889180493575527278e-09 1.031818600099103644e-01 1.480600537926638543e-05 8.967966903787331079e-01 6.641716796741968485e-06
3.382331940147015802e-34 1.061332190275362017e-05 4.799289910992113572e-05 9.999413937778598438e-01 1.127487449248178265e-12 1.707776880738999297e-26 1.049734349751783061e-17 2.741265352540181893e-25
2.892405452540332857e-73 6.089066853300854445e-29 8.495891780688063463e-31 2.602199926026863907e-27 9.992725431407287751e-01 5.969219605969555351e-04 1.303984806667844178e-04 1.364180074974056954e-07
2.382632275829804615e-88 4.120453652013155002e-29 1.919814949261364836e-29 6.392391384920498236e-34 1.019513831654690963e-02 9.894541817890036839e-01 3.410658307675557021e-04 9.614063681891675669e-06
3.482095192832033801e-38 9.876986297367386092e-01 1.230120936768753712e-02 1.601967037016313209e-07 1.297207717859647839e-13 6.987403122774338262e-10 6.681568451948142251e-17 9.600033601519776331e-22
