1.8182529930758023e-44 0.002255744610148548 0.002255744610148548 0.9954885107756425 4.0597562071179206e-12 1.4007585020723433e-18 7.738935572211296e-16 6.220457109717776e-24 
8.782659621320872e-59 3.2829846155203395e-16 3.2829846155203395e-16 3.9895271883958e-11 0.9813241903122379 0.0010259898654161079 0.01764924893576481 5.708466852698823e-07 
1.4005376200931978e-57 7.733325591093346e-11 7.733325591093346e-11 1.7975283828485132e-09 0.9780365529102859 0.008323773660094421 0.013638386123343796 1.2853540811018451e-06 
2.9046028482441325e-31 0.09639518639414484 0.09639518639414484 0.8072096056947684 2.15168186239143e-08 5.4063181709792895e-19 1.232693969903624e-13 1.760551134471027e-21 
1.5194115071497326e-22 0.49950811302484105 0.49950811302484105 0.0009837720642714032 1.8860395863133584e-09 5.168622698569335e-19 6.838920726202964e-15 6.537484992769053e-24 
6.696926869870343e-32 0.0011596434130887257 0.0011596434130887257 0.9976660599039973 1.4653264602820166e-05 2.7720315859702407e-17 5.2223500424428e-12 2.0915486638331365e-20 
0.9999999998257423 8.686446682606185e-11 8.686446682606185e-11 5.288272233307534e-13 1.2378738362299422e-36 1.5700512933766223e-71 1.6383941536250136e-49 1.20836254794848e-65 
3.019737280130018e-83 2.9077799686981588e-21 2.9077799686981588e-21 9.118634378557336e-14 2.2959991657188184e-05 0.9998736509014087 9.336089855142138e-05 1.0028208291510372e-05 
1.9318687027669707e-40 0.4999999253208045 0.4999999253208045 1.4935829647591242e-07 9.438320653526134e-14 7.471042112864133e-18 2.2830590988931236e-19 4.132324324580297e-24 
3.0956005870808028e-55 1.8108887583072621e-10 1.8108887583072621e-10 3.563848048191963e-07 0.975476406488565 2.7215203865519483e-09 0.024490402645735956 3.283139719598008e-05 
4.1247632475667065e-50 1.4176915544072572e-12 1.4176915544072572e-12 3.0685266184870254e-07 0.9993899624777286 1.6910156522035444e-07 0.0006095300868999291 3.147830904597043e-08 
4.92544787260046e-113 7.486390348091068e-49 7.486390348091068e-49 2.0784579375681906e-30 3.0140118764473004e-07 4.543152643353657e-08 8.542376818985766e-05 0.9999142293990961 
5.294506237096164e-72 4.1090945076656493e-19 4.1090945076656493e-19 5.4640503317651207e-14 5.667661861749084e-06 0.9999912425314669 3.071286505063022e-06 1.852011154902748e-08 
1.0549853376475127e-97 7.413381901198433e-25 7.413381901198433e-25 8.41934328299661e-21 0.00010877976016697374 0.0004884309599610429 0.03245603313339794 0.966946756146474 
3.4634248210200015e-98 2.7675351094377543e-25 2.7675351094377543e-25 6.934478143148477e-32 2.980076772310745e-06 0.04157375609388782 0.09441713422525715 0.8640061296040825 
1.0 5.139696643423088e-29 5.139696643423088e-29 1.191173530607122e-36 2.545185110278843e-79 4.3396688615867885e-105 3.9119951997090646e-98 5.1550744613410125e-127 
3.5230225564214627e-71 1.4036384771878888e-33 1.4036384771878888e-33 6.582556694233134e-20 0.19495308307936904 2.7501122774861835e-06 0.8045039529611672 0.0005402138471863716 
3.4161755210506844e-83 7.204264062709723e-23 7.204264062709723e-23 9.807596509496824e-21 0.0008286204767976618 0.8291876017906376 0.16741596052444696 0.002567817208117919 
8.5019719773293e-28 0.4869565824363506 0.4869565824363506 0.02608683512729879 1.668320347357898e-16 1.0068460199927066e-29 2.3818767795825008e-23 6.096493243529141e-33 
1.8348918821775311e-28 0.49999950579817487 0.49999950579817487 9.882568368548325e-07 1.4681317326321308e-10 1.365507590915399e-32 2.3303586413430285e-16 2.368644736278141e-25 
1.0818914682789583e-95 6.26311742373821e-31 6.26311742373821e-31 7.962402688064637e-23 0.0004590353952978081 0.0006755133567562199 0.5004714171715642 0.4983940340763819 
4.823112760992453e-61 1.548250758586821e-13 1.548250758586821e-13 2.7643315638968494e-13 0.9586323262577929 4.2506922498798746e-07 0.041366801358455337 4.473139405962626e-07 
3.399237477476219e-22 0.49988381003805843 0.49988381003805843 0.00023237992388256643 5.054523602854851e-16 1.153935852443867e-21 6.922653541596794e-24 5.4079888256499255e-33 
4.28129601543902e-37 0.49857349652808436 0.49857349652808436 0.00285300694128443 2.546734309658865e-12 1.0856504692098387e-18 1.2074668049392543e-16 3.645853059335855e-24 
1.7502194567610107e-28 0.49358293130538256 0.49358293130538256 0.012834074680687434 6.270793750065176e-08 2.02963522850062e-14 5.896152987497899e-13 5.124924852654665e-20 
1.0477033864038346e-112 5.891818448913136e-44 5.891818448913136e-44 6.399789167594487e-34 1.8240365274542304e-07 7.769291806207856e-05 0.0038605220973982547 0.9960616025808869 
2.7115294779100606e-27 0.4999977567044187 0.4999977567044187 4.48659116247492e-06 2.6896935168542573e-17 2.8100376642281673e-33 1.9801416032823115e-23 9.742271742160473e-34 
1.6597792859822343e-25 0.4907103871606026 0.4907103871606026 0.01857922567879471 7.788193469405688e-18 9.866299533211889e-31 1.6928837246255126e-24 7.39132936176289e-36 
1.0 1.9697216405171236e-45 1.9697216405171236e-45 3.6156032354233015e-49 2.1863502299708735e-73 1.7107782825182465e-115 1.4648172137589603e-91 2.1464152699849716e-127 
1.1095975525844754e-32 0.007597237143336225 0.007597237143336225 0.9847580419458243 4.7481688953512304e-05 2.2574279257707208e-17 2.0785498127714804e-09 7.423435732350931e-18 
5.05285663289622e-113 1.2445206432288282e-45 1.2445206432288282e-45 2.4643008486002004e-26 3.175170792512789e-08 1.1514400091458893e-10 0.0008804974861688691 0.9991194706469791 
6.991075509811474e-95 1.6683323494145328e-27 1.6683323494145328e-27 2.0832990961115677e-19 0.0013888590102243642 2.369356290158271e-07 0.5091350526104693 0.4894758514436774 
5.366912280575316e-17 0.49999998768622733 0.49999998768622733 2.4627545124819153e-08 4.867539916082282e-26 3.019601900809474e-33 2.522067389634753e-38 3.968166139534511e-52 
4.631954301400061e-26 0.4959217602879814 0.4959217602879814 0.008156479424037175 7.048151574343005e-19 1.577773277821339e-27 1.0524438941447909e-27 5.50257273624183e-40 
1.2350167249110374e-74 1.4150439699948582e-22 1.4150439699948582e-22 1.610991831511866e-14 0.032315655676768175 0.9624758520957977 0.005208490663156166 1.5642618627682176e-09 
1.0206307510961351e-25 0.20300635964612307 0.20300635964612307 0.593987280707425 3.2872671162319534e-13 1.0743932745833888e-18 4.0273877994700417e-19 1.1548368507756537e-26 
1.0 5.193794919013e-26 5.193794919013e-26 4.629416835871233e-34 1.8973338999329603e-62 1.6323699832544574e-84 1.4411259292685825e-79 2.6229118998263733e-101 
1.2336891057004073e-92 1.7907570649901333e-32 1.7907570649901333e-32 5.752805587228814e-25 0.0013394689277068641 0.00012166334724444335 0.6346140852305994 0.36392478249444954 
1.0 4.6371482486650547e-32 4.6371482486650547e-32 5.181767322166393e-43 3.1571207208891417e-65 4.991339323117738e-84 9.438648107693496e-82 9.610120401851662e-102 
1.1278858621490498e-84 1.2111261205351398e-23 1.2111261205351398e-23 5.9925888228310995e-15 0.005256462449014564 0.020472842046140128 0.9414506593795166 0.03282003612532269 
5.403330422492156e-49 4.5324690896332916e-11 4.5324690896332916e-11 2.797949385307545e-08 0.984885090584851 1.010407496495134e-09 0.01511388683974229 9.934948558433748e-07 
2.1362542676315796e-51 7.365131624597e-08 7.365131624597e-08 0.00037742016202088575 0.383684343496346 0.057899853250800076 0.557751018227576 0.00028721756062441667 
1.5976583934244367e-95 2.5268187965676095e-19 2.5268187965676095e-19 6.841891546243931e-21 1.3188046718969422e-08 0.9998963993720522 8.339399803219597e-05 2.0193441868856783e-05 
7.589613813185309e-29 0.49999519361386763 0.49999519361386763 9.612619277406467e-06 1.5298697530927986e-10 3.4656276628087954e-19 4.416822186427408e-16 4.602051769105131e-22 
2.9367191443092e-90 1.8816613734712598e-28 1.8816613734712598e-28 1.467509031880533e-24 0.0122523053148921 0.011969786139931287 0.07003632237652432 0.9057415861686524 
2.9299561794089676e-73 3.414290272176333e-35 3.414290272176333e-35 2.3453387578286706e-26 0.9793550091811333 3.3893669511626564e-10 0.018442284167701682 0.0022027063122282953 
1.5869905341135215e-63 3.316168337088903e-14 3.316168337088903e-14 1.561752180999696e-09 0.9136784852127652 2.4566589074307738e-08 0.086318755405204 2.733253623305906e-06 
5.855176177810837e-92 3.876348962517123e-21 3.876348962517123e-21 6.173363863075933e-16 0.004025179070413854 2.6400203191148956e-05 0.9243074640951001 0.07164095663129422 
5.537338563643173e-11 0.49999831292633223 0.49999831292633223 3.3740919622174857e-06 1.2038421127801382e-27 7.917681101964214e-37 1.280257576918828e-37 8.343857760841996e-52 
6.055783764916059e-74 7.995540238775706e-14 7.995540238775706e-14 9.900250735305942e-18 0.2375002006231234 0.0006111807608174793 0.7604915996938775 0.0013970189220216052 
9.024500682957395e-82 2.7607579643526307e-19 2.7607579643526307e-19 1.7724948151858676e-10 0.1026451074085639 0.000429132398484174 0.8946098175002998 0.0023159425154026573 
2.2042810354717794e-29 0.49915764150145925 0.49915764150145925 0.0016847169970813768 1.4102396053498516e-21 5.125916713420901e-29 7.647430050404964e-30 1.4109106078569403e-41 
1.1438663446536781e-99 4.996601117670972e-38 4.996601117670972e-38 5.246412624637851e-25 0.0005497895783047841 4.877728253592303e-06 0.9777057519515426 0.021739580741899054 
2.4114558991597635e-90 2.6421355334947495e-39 2.6421355334947495e-39 1.4059139178492087e-24 0.6764824734971736 3.1731269195294478e-06 0.3085665331906631 0.014947820185243781 
1.0 2.181565105009764e-30 2.181565105009764e-30 8.532067115554984e-43 1.8198898990976664e-69 1.79631706841289e-88 1.0242782913645042e-86 3.1356712989538425e-107 
1.806213018589797e-55 4.817309029238727e-08 4.817309029238727e-08 4.139290553231671e-07 0.8999701299113285 8.308771961259336e-05 0.09981773992286999 0.00012853217095299421 
1.0 4.9904185479774005e-26 4.9904185479774005e-26 4.0930859086922483e-38 3.739355687363519e-64 1.4275068418301367e-83 5.335232286421573e-82 9.973224274308989e-102 
5.2037719206831754e-79 9.827930696509078e-24 9.827930696509078e-24 3.940320903718557e-19 0.00034838955561627066 0.9970964482831884 0.0025132185042456364 4.1943656949559424e-05 
8.87890763749053e-27 0.49999989062204203 0.49999989062204203 2.18746657619739e-07 9.258265540958759e-12 8.136225544894172e-18 7.719250535455751e-19 2.6681787979244223e-28 
3.6767447655039454e-67 7.969037142002143e-11 7.969037142002143e-11 2.735953418540599e-07 0.6432810378248026 4.6888744029825376e-05 0.35600783498497574 0.0006639646914692177 
4.112351153842017e-93 3.8489420960225496e-30 3.8489420960225496e-30 1.949154177674944e-19 0.0009368745250284018 0.7311015442499049 0.14290644519948295 0.1250551360255837 
2.3609308025692856e-58 3.3850467182965583e-10 3.3850467182965583e-10 6.56624647031228e-08 0.9534966442192835 5.750758739462919e-07 0.04650208812526698 6.262401015472638e-07 
3.501799860848946e-26 0.4992543267380103 0.4992543267380103 0.001491346453448538 7.052943272033225e-11 1.607202330130513e-19 1.4353832082837314e-15 2.45545832670462e-22 
2.3807639455245547e-86 6.344638103634899e-21 6.344638103634899e-21 7.718802685805911e-23 0.00045862357858454374 0.855155896538343 0.09739528633148808 0.04699019355158433 
2.0116333280315253e-94 5.246259892828574e-34 5.246259892828574e-34 5.507860584592091e-27 0.001090136850398186 0.5972252474888419 0.4008957505037052 0.0007888651570547296 
2.9434141276314037e-75 3.179710045230599e-26 3.179710045230599e-26 1.7968002483099213e-19 0.10333694031323325 0.0015217807639265344 0.8951396300594144 1.6488634257713177e-06 
4.291324512388727e-73 3.788139796070174e-19 3.788139796070174e-19 1.7752115913854472e-16 0.001602756798160804 0.011122864238358659 0.9834956992239599 0.0037786797395203704 
1.2938018189871084e-116 6.239880225290173e-38 6.239880225290173e-38 1.1878534282218104e-29 2.412497581938073e-07 0.00025246303121755087 0.0031041985328059485 0.9966430971862182 
6.832721916987792e-78 2.8566492188809047e-24 2.8566492188809047e-24 6.821881163259141e-18 0.27336446809887477 9.710936986985807e-05 0.7065257209301369 0.020012701601118517 
4.867518924809392e-85 4.0991759585495523e-23 4.0991759585495523e-23 6.1354586287104546e-15 0.013443711248205672 0.0004934349073254167 0.9224136800139425 0.06364917383052031 
9.62731481755558e-52 6.143222452957976e-16 6.143222452957976e-16 4.8706741751779725e-11 0.9972606067819079 1.4794982110615735e-08 0.002739001363240767 3.7701116113248653e-07 
1.2617725786009721e-87 2.0891900607235022e-24 2.0891900607235022e-24 4.733400075921059e-23 1.238202018362529e-05 0.9995094373404492 0.0003072108372462954 0.00017096980212093075 
7.300263404658867e-23 0.4809256204620232 0.4809256204620232 0.03814875907595361 7.97174542894509e-19 3.913785595269571e-29 3.7836833726605584e-25 1.9336158979451238e-35 
7.152509162612606e-88 4.900287568491741e-22 4.900287568491741e-22 1.4791221665046613e-20 0.0021220439136955625 1.3464297792638266e-05 0.9974708212229181 0.00039367056559365594 
2.9529795802845637e-106 2.7705680987414095e-35 2.7705680987414095e-35 4.17623632802556e-35 7.060375859926228e-08 0.991400694378475 0.0033326883456938528 0.005266546672072685 
1.0 5.549396438154538e-37 5.549396438154538e-37 7.825612929384236e-41 3.702903698007906e-57 1.3627151577961872e-87 2.1796372094656803e-76 1.0449525973732616e-94 
2.889971056918183e-77 4.038511238937948e-15 4.038511238937948e-15 1.4696706971610169e-08 0.0005576703889154195 0.019336314183345738 0.8396188432960758 0.14048715743494802 
1.0 2.912579278330577e-33 2.912579278330577e-33 6.679187949314412e-43 1.908220231536548e-72 1.6796763643446585e-96 4.754363386974558e-92 7.793990689123117e-112 
3.644444679817642e-35 0.4999911946050073 0.4999911946050073 1.761078998529882e-05 2.6889148147667506e-25 4.683233709563706e-30 2.0081987859185922e-31 1.7710016283163237e-40 
1.3757457139701764e-27 0.4999091077915772 0.4999091077915772 0.00018178441684501607 6.440781497131613e-16 6.0799789074892095e-24 4.421403915287326e-22 5.065010369686878e-33 
1.0 1.0675157218406247e-25 1.0675157218406247e-25 1.5143432609698694e-37 6.031856211891536e-65 1.73640954627088e-82 4.385471208239873e-82 1.0657637384245236e-103 
3.0160811928601393e-86 2.228943759411895e-29 2.228943759411895e-29 1.5161221090159677e-21 1.3832195587577675e-06 0.9996752322066406 0.0003233840698717909 5.039288261401094e-10 
1.4852007353470352e-85 3.298736333669752e-29 3.298736333669752e-29 2.622945280528144e-26 1.224069576640483e-07 0.9999997881430781 8.92376048989966e-08 2.123594110002453e-10 
1.9033231300017095e-31 0.4969333711663628 0.4969333711663628 0.006133257667274337 7.468040475454588e-18 7.834783087535579e-27 5.705419629953247e-25 1.8452926102109332e-35 
5.767810285747302e-63 1.5448233040054853e-16 1.5448233040054853e-16 1.137371789176905e-15 0.9714830708892329 1.545133492140185e-07 0.027236197163925193 0.001280577433491182 
4.13285935883266e-24 0.49980824620305986 0.49980824620305986 0.0003835075938771884 3.0654349179590607e-15 3.956249776206051e-17 5.260311810898951e-24 5.37816307162212e-35 
2.116691622840019e-25 0.49994110383683066 0.49994110383683066 0.00011779232063468494 5.701522499917861e-12 2.276834531907266e-15 1.8039654446875813e-16 4.563648504238826e-25 
5.350100263631641e-07 0.49999973138853937 0.49999973138853937 2.2128950497517248e-09 3.6564638173996532e-28 3.947954958416788e-35 1.448717086084213e-38 4.709229620463921e-55 
4.226680747399073e-91 4.663356013692589e-19 4.663356013692589e-19 1.2631276995345668e-19 3.025066148446822e-06 0.9983398115316062 0.0014933391161691717 0.0001638242860761805 
8.596419116201497e-64 2.206730343495916e-19 2.206730343495916e-19 2.3781177367832056e-11 0.961240530649806 5.416449947750188e-05 0.038704665573122216 6.392538131292743e-07 
2.2033057014811188e-59 4.6343326225221975e-17 4.6343326225221975e-17 4.519032068388661e-12 0.9616415859723678 0.0006068188368510224 0.037751511307088044 8.387917399609428e-08 
6.248718039807575e-79 3.198050380867495e-23 3.198050380867495e-23 1.715246687280342e-14 0.026560336080902937 1.3470762222368066e-05 0.38351961476707913 0.5899065783897784 
1.6082108150816433e-41 0.0010546768874627743 0.0010546768874627743 0.9978899072946797 7.386230726986409e-07 7.932711308407307e-15 3.0731393741249133e-10 5.271639887731041e-18 
2.0665935506821547e-70 1.3452609916736146e-14 1.3452609916736146e-14 4.9477189694986586e-14 0.38533060433275984 5.449408465425251e-05 0.5645535011127812 0.050061400469728214 
2.606343891903271e-28 0.4998602269341655 0.4998602269341655 0.0002795460933391076 3.832981898629201e-11 2.305718118232775e-20 2.7943311246950828e-18 8.477341620527411e-27 
3.5883792300423707e-78 1.4733496110600955e-28 1.4733496110600955e-28 1.2082052657810461e-13 0.060577055225019084 0.021490629536545104 0.9172447959222815 0.0006875193160335067 
8.220046410724881e-58 7.124746379822944e-13 7.124746379822944e-13 5.620434895497215e-13 0.4930080645492621 0.009831864905574856 0.49143879858324213 0.005721271959933911 
1.0 5.045334007178861e-38 5.045334007178861e-38 1.3627026201552824e-45 3.376370692559763e-64 1.971649788086562e-92 9.771899548109848e-83 1.2283958116622184e-103 
1.0591625740008393e-34 0.49851311877715493 0.49851311877715493 0.0029737624456685997 2.1607459691651844e-14 1.4352452668146965e-18 4.224215264125415e-19 2.529575048846012e-27 
1.0 5.69190487196275e-38 5.69190487196275e-38 1.8746127212374424e-43 1.1261977672230535e-78 2.4413268439619613e-105 2.9018212798366317e-98 1.644532065562594e-120 
1.0 6.050509898564975e-36 6.050509898564975e-36 1.0218134397892488e-43 1.496717529449745e-60 4.501643718666064e-78 1.0182488500388186e-78 2.5912392716746738e-98 
1.7529018186627264e-89 4.907608563357711e-23 4.907608563357711e-23 9.746605117307893e-08 0.00022961947094171572 5.490621654399968e-09 0.21948703185529903 0.7802832457170865 
1.0 9.234352483300699e-23 9.234352483300699e-23 3.3527360946502053e-31 4.676302442238801e-65 2.2372502322699078e-85 1.9248830135708686e-84 2.377371742193365e-104 
1.4279577163582728e-38 9.167528710188232e-07 9.167528710188232e-07 0.9999806492785924 1.7515419445960777e-05 7.882406429655254e-21 1.7962192730425708e-09 2.5270487780903464e-16 
1.2431268165959205e-22 0.4965936797003043 0.4965936797003043 0.006812640599391334 1.1679049772540527e-23 4.577726484631189e-37 8.995575618320044e-36 8.638524334662409e-47 
7.455179086517238e-82 5.069912518943403e-16 5.069912518943403e-16 3.5252557266081076e-18 0.0003312280717474629 0.8764502580275096 0.08558753925623586 0.03763097464450592 
2.767648338458841e-36 0.4778684108571656 0.4778684108571656 0.044263178178031014 1.0762836108684568e-10 5.736986256868155e-25 9.353132836989948e-15 1.1980491856138329e-23 
1.0 9.60640925596388e-23 9.60640925596388e-23 4.0884790311569265e-29 1.4001920879138414e-51 1.165357246162607e-94 6.523653246939706e-66 8.314486886677877e-99 
2.793843538750359e-64 3.504694386870758e-13 3.504694386870758e-13 1.860381736943491e-05 0.33623454010062104 2.9248828004305134e-06 0.6128228474105968 0.05092108378791146 
3.124341682228379e-41 0.2906659927851202 0.2906659927851202 0.41866801442747237 2.2852296928040495e-12 3.898204071105489e-20 2.0285685690743415e-15 2.3739364825992975e-21 
2.05104814891448e-30 0.19576753304116237 0.19576753304116237 0.6084649339176752 6.953838586533107e-17 1.8964118160212242e-27 5.9799887350115e-22 1.8601968292556626e-34 
1.4035978991096795e-28 0.499314383138016 0.499314383138016 0.0013712337239680016 1.964537171327768e-21 1.0871483038776737e-36 1.0865965163945899e-27 1.330257435542624e-37 
7.235219919545659e-38 1.3989065455631627e-05 1.3989065455631627e-05 0.9999720218690885 3.87516981427764e-16 2.312535298434784e-25 5.096292204290553e-21 9.200968853819167e-37 
4.813557251677438e-25 0.4999985345707386 0.4999985345707386 2.930858522814892e-06 4.376708661808971e-22 1.0538861139662396e-23 2.351882785047814e-30 2.329944789342473e-37 
1.1271524314408423e-75 2.229307362501422e-21 2.229307362501422e-21 1.903240737118812e-17 0.03244392418421817 0.010045111207897538 0.9573566874164765 0.0001542771914078819 
8.917074497189288e-33 0.4824745673540631 0.4824745673540631 0.03505086529181925 5.4566450980162436e-14 3.613351954589142e-22 6.679827907954768e-19 1.0479511994123421e-27 
8.058814271974186e-67 1.5814844967558893e-07 1.5814844967558893e-07 3.3324514391408913e-09 0.01307208276761812 0.03103835881421767 0.12387416645735692 0.8320150723314564 
3.989303182713891e-24 0.4892402396814928 0.4892402396814928 0.021519520637011607 2.886652079718275e-15 1.9005892866934044e-27 3.6595792096760434e-23 1.1854203627047405e-39 
1.4070670188411552e-103 6.318933039479229e-36 6.318933039479229e-36 3.1531938961940826e-32 1.1884933827396937e-05 0.00012422995443069426 0.005549859303772741 0.9943140258079691 
4.529518239738651e-34 0.00012960215913435544 0.00012960215913435544 0.9997407956816308 1.0075093984949243e-13 7.946854694395016e-35 6.5875516168655665e-21 1.7449368930913237e-29 
6.206896295187734e-72 2.0895839226756343e-30 2.0895839226756343e-30 1.2110548352531358e-23 0.9903086157978378 0.0021427988646995012 0.007548535958742471 4.9378720273530515e-08 
4.179861376687646e-43 1.5068698003426844e-08 1.5068698003426844e-08 4.1998820361680316e-08 0.999818885892967 0.00017371025792307004 7.3236031799623695e-06 8.109713675518762e-09 
3.8303805182909197e-88 2.2350557445068127e-18 2.2350557445068127e-18 4.4562937997751237e-13 5.9933148827279785e-06 0.008753747371982862 0.13933455903245165 0.8519057002802372 
7.127266430074864e-87 2.7900495301281e-20 2.7900495301281e-20 3.553433685424509e-11 0.001526979967470227 1.1831179849427521e-07 0.05818675705707612 0.9402861446281208 
1.0 8.9442482677307e-26 8.9442482677307e-26 2.626956697953943e-34 6.072647431282044e-66 5.424743418995666e-98 3.2759871277694314e-85 4.2035642682991536e-104 
1.0 3.3892866182227555e-33 3.3892866182227555e-33 9.50367921557427e-38 3.391053571102306e-50 2.8082893391658526e-80 2.7754315336199237e-67 6.711177217737866e-83 
3.2072133970745955e-23 0.4999997004132147 0.4999997004132147 5.991735707597005e-07 2.879885266357851e-18 1.1413888387466232e-23 6.646967256689798e-25 4.926294589472557e-35 
2.8200206233015007e-25 1.1000782047321016e-06 1.1000782047321016e-06 0.999997799643727 1.998625497915874e-10 2.2841441254922516e-25 6.929315224958323e-16 1.0718173288074474e-21 
1.0175309301576242e-84 7.982853076278224e-44 7.982853076278224e-44 9.63385065380747e-25 0.05987652049524622 0.776832804619472 0.15834992950955204 0.004940745375729731 
5.898693722926545e-61 4.228804670332368e-15 4.228804670332368e-15 4.225968452007104e-13 0.035131788714555204 0.00012787096783741281 0.6142422668703033 0.35049807344687295 
1.0821078557502213e-64 3.0166341731071485e-24 3.0166341731071485e-24 3.4311518451191736e-19 0.6561435881228027 1.970239420955996e-07 0.3438561905017142 2.4351541133036094e-08 
7.616635893457289e-92 3.3239255906316072e-21 3.3239255906316072e-21 5.800550227731012e-19 8.568656946486528e-05 0.9389997545284872 0.029504604640698994 0.03140995426134897 
3.5583023809747054e-93 1.4034837929658576e-23 1.4034837929658576e-23 2.189179608824919e-17 0.006001585919854407 0.000798393083356198 0.22235506419596537 0.770844956800824 
4.076069326161916e-76 2.8918927156195874e-22 2.8918927156195874e-22 1.631851205642333e-11 0.35696834615449474 0.002315275968333644 0.6401598148235677 0.0005565630372854651 
3.586389589328019e-37 0.00030134871271071505 0.00030134871271071505 0.9993973025297587 4.481772117227933e-11 5.129591140529015e-17 2.2024474378729334e-15 1.0895715752265579e-21 
6.835704195717521e-83 9.303961033308996e-19 9.303961033308996e-19 5.522882929324787e-13 0.0036269899057287426 0.002129419441012946 0.9465377502524077 0.04770584040029817 
8.423832437172444e-29 0.49398904926511383 0.49398904926511383 0.012021901467893219 1.8790881174009344e-12 1.541740762044033e-17 7.42499323630101e-18 1.7514813107134828e-27 
1.3906561722816635e-113 2.3387828125984637e-37 2.3387828125984637e-37 3.13680496066303e-37 1.2692917096255124e-09 0.04979126666540057 0.00019922722660561384 0.9500095048387021 
1.143211042098122e-84 8.965799628703583e-21 8.965799628703583e-21 3.692219441002858e-16 0.04421085635430965 0.0004619582285676156 0.23960541399006466 0.7157217714270576 
1.0 1.6478988137490884e-29 1.6478988137490884e-29 4.056171613217495e-35 4.3204989663259616e-64 3.5435107036755365e-87 5.482544579047573e-82 1.3877621017868995e-100 
3.972688112896446e-89 2.9126949803562325e-19 2.9126949803562325e-19 6.173395202808317e-20 0.00036970478270204646 0.00010838463055551671 0.27949991463584944 0.720021995950893 
1.3417074587344122e-57 2.0073159527194537e-12 2.0073159527194537e-12 1.4534430856764385e-05 0.9942471367041105 0.0033551800952059977 0.002383096086176119 5.2679636137572546e-08 
2.7915936388542054e-24 0.21633113016778618 0.21633113016778618 0.5673377396644276 1.798372761185273e-20 5.3528403168751976e-49 1.366480713647524e-28 1.5247396358860656e-36 
5.512665495787415e-102 4.225917529590128e-32 4.225917529590128e-32 1.3374781617900222e-22 6.677915900182909e-06 4.2460724179767324e-05 0.05034715051158696 0.9496037108483331 
2.315921171705573e-62 5.854036205752593e-15 5.854036205752593e-15 4.1399432732385647e-07 0.9907444485214907 0.002002806888416363 0.0072336406219029314 1.868997385101744e-05 
1.0 5.4301005404186585e-31 5.4301005404186585e-31 2.8570409941559484e-45 1.3906146910833037e-61 4.580793735962826e-77 9.528745546821152e-79 1.109656334517356e-96 
1.0766876347823409e-47 1.2413814637657719e-05 1.2413814637657719e-05 9.442566612113762e-08 0.9155191076261658 7.875281224141832e-06 0.08444659875267231 1.4962849961857276e-06 
5.209157977432559e-32 0.4943222241172661 0.4943222241172661 0.011355469004084292 8.2761143068806e-08 9.645312767363893e-18 2.402580695136317e-13 1.0260242160637726e-19 
1.0 2.508199951614978e-32 2.508199951614978e-32 2.2469169540044926e-41 7.104111935798648e-69 1.9163784855902358e-100 6.424240089874727e-89 1.4137751896536906e-108 
1.52198933517449e-81 3.107746949724399e-18 3.107746949724399e-18 5.5339321544639e-19 0.0053045275537842536 0.12804974129816582 0.7811306343464379 0.08551509680161193 
4.639244092834404e-86 9.897752005544127e-19 9.897752005544127e-19 1.6357143379710448e-19 0.00210657919082504 0.0005748574492192218 0.05048174969421393 0.9468368136657419 
1.1746839379803263e-107 6.643192503796637e-38 6.643192503796637e-38 6.584929860213825e-27 2.1869943880742065e-07 1.885953812448241e-08 0.004236272086437601 0.9957634903545856 
4.083180526892419e-63 3.750605177397284e-14 3.750605177397284e-14 6.8789916232058115e-15 0.9861614960678525 0.0023437588851927694 0.011487536065633668 7.208981239198701e-06 
1.6402346339748617e-72 1.3351783473517009e-20 1.3351783473517009e-20 8.08611537677802e-17 0.007599751881434368 0.0006377655902817571 0.990661889281387 0.001100593246896692 
1.2516545860309293e-31 0.4999974104745369 0.4999974104745369 5.083525436178081e-06 9.551770982117638e-08 2.375323591163902e-12 5.404967121147764e-12 3.9922887148684575e-18 
1.2097799925254959e-70 1.0787896152530712e-16 1.0787896152530712e-16 2.4665309969429923e-17 0.6065762174380226 2.3513450794222317e-08 0.3934224675519486 1.2914965776817868e-06 
2.7202543508056934e-61 5.169069892382165e-16 5.169069892382165e-16 1.8619527838257993e-11 0.9764579595370734 1.457502624991344e-08 0.02353742293072047 4.602938559404597e-06 
1.6460653943231256e-92 8.569629884516225e-32 8.569629884516225e-32 1.0722875601689418e-24 0.07126173367761005 0.0100976607536255 0.7095443807083668 0.20909622486039775 
4.3425668817779617e-82 1.6990636187657e-18 1.6990636187657e-18 5.4083065812391e-16 0.005574330947664551 0.4344130638256368 0.5577455654231838 0.002267039803514388 
1.822600000556872e-25 0.48752550041811726 0.48752550041811726 0.024948999163765556 4.3818013675562784e-26 7.886321715896748e-35 6.641405637545601e-34 4.447054530680716e-49 
1.0 2.4606352774674146e-38 2.4606352774674146e-38 3.585715276830789e-59 8.50321706992054e-77 2.2626730039029315e-87 1.9431187205549274e-95 4.36874717257055e-114 
8.730457241750333e-82 7.353065281422192e-27 7.353065281422192e-27 3.893104491247169e-20 0.0002053872252157299 0.9899153397436439 0.009834070987296021 4.520204384437378e-05 
3.5640506311773956e-94 4.354368928402231e-55 4.354368928402231e-55 3.0578491933398883e-34 0.00021677676518562484 0.9892642215966078 0.01051862753846186 3.740997446689168e-07 
3.927232736090369e-25 0.43804889829588 0.43804889829588 0.12390220340823996 1.363249058189786e-20 8.441188733145058e-29 4.9501379658298794e-30 1.4359822425654792e-41 
3.749878786245494e-35 3.9310166847297895e-05 3.9310166847297895e-05 0.9999212950707878 8.459492988179656e-08 1.5368668105313996e-19 5.878332001453174e-13 1.1948659890012754e-20 
4.8361720248213e-69 5.584517654243502e-13 5.584517654243502e-13 1.785170716204709e-09 0.6979430593132326 3.430936159634414e-07 0.29740156489717623 0.004655030909687602 
1.0 1.0477576105486166e-27 1.0477576105486166e-27 1.5126576849375248e-34 1.6981327248256936e-57 3.971362682133397e-77 7.222318851643463e-73 9.21355532222349e-93 
1.0 1.3664008545752814e-23 1.3664008545752814e-23 4.5208628822167843e-41 5.375031766194866e-61 1.707799007626569e-68 8.205463986283894e-80 3.4215984232453094e-100 
5.654737973421088e-84 7.50158823803203e-27 7.50158823803203e-27 1.0627466305464391e-21 0.0008297224345427638 0.006957256636823951 0.5577519404306415 0.4344610804979919 
3.2839135445007897e-75 4.854844979981847e-22 4.854844979981847e-22 4.7784344045962447e-17 0.3038571875253114 0.041964777434637265 0.6483026165336894 0.005875418506362068 
2.1665364722320376e-118 9.584023572189708e-48 9.584023572189708e-48 6.747672224338671e-32 2.2670422301773964e-06 2.947169396853177e-08 0.008550164523363277 0.9914475389627126 
1.86026966727556e-68 2.6709536693839787e-14 2.6709536693839787e-14 3.422569228197253e-11 0.05052587566701826 0.6352830800634344 0.3040014225051937 0.010189621730074474 
1.4731391416245817e-118 5.188727739764264e-43 5.188727739764264e-43 2.2112176421217722e-38 4.517547475424591e-08 0.02155416226686473 0.004545176709856191 0.9739006158478043 
3.2137630917117497e-91 4.313481131771766e-28 4.313481131771766e-28 5.042041120562847e-21 0.017067328988842823 0.0004594036041898247 0.5881133515614442 0.3943599158455233 
6.875167442921828e-84 4.196990035783449e-24 4.196990035783449e-24 7.807923656611243e-18 0.026076448166680796 0.1443187222532133 0.7173177027140415 0.11228712686606424 
4.104618279453733e-23 0.499983925633582 0.499983925633582 3.214873283607584e-05 2.028523519646119e-19 3.539102577850483e-25 4.953603694211476e-27 1.569351576419593e-39 
4.950955596304247e-19 0.2069784322316059 0.2069784322316059 0.5860431355367882 9.980570071775269e-20 1.2345534797899564e-29 9.997341291540488e-29 2.9027977499489508e-40 
8.415511947093456e-31 0.4968059240381285 0.4968059240381285 0.006388129753846019 2.216968154122965e-08 8.47345633261075e-18 2.1545989125148418e-13 2.1729051361786973e-21 
4.9749830320377396e-36 0.4999844928584251 0.4999844928584251 3.101404672557148e-05 1.5621524385292157e-10 7.357633588536703e-11 6.6326096441577e-12 3.1426780052756278e-21 
9.485879883541404e-27 0.00768814397176574 0.00768814397176574 0.9846237120329272 2.3541142790742367e-11 1.2762745131029587e-35 8.15395048878394e-18 1.2162865454846969e-29 
3.898654296107789e-40 0.48961186640125876 0.48961186640125876 0.02077317009114548 3.0962779049379444e-06 7.073362948392856e-11 7.57694536314117e-10 3.923847309448136e-15 
1.4962143717116956e-27 0.26716286938344874 0.26716286938344874 0.4656742612016637 3.143880020449596e-11 4.060182715729085e-24 2.0895832618941387e-17 8.472965565938791e-28 
2.271423021904444e-41 8.746960887867259e-07 8.746960887867259e-07 5.99578459797148e-06 0.999627823144833 7.881777290948917e-11 0.00036442228699729685 9.31257630236166e-09 
1.836934256153265e-52 1.0926891527127564e-07 1.0926891527127564e-07 0.9999982946061671 1.4524843674122666e-06 1.4050645033852304e-17 3.437149094316227e-08 1.439659731159767e-13 
5.718794916434998e-32 0.4997993899329518 0.4997993899329518 0.00040122013409638724 1.7867744896606389e-19 2.248819680325706e-29 1.8035825533678082e-29 3.544071309654942e-35 
5.707139658362381e-66 4.780942261091764e-28 4.780942261091764e-28 1.0542149064293206e-14 0.439857743945802 6.57550095438452e-06 0.5596260527206698 0.000509627832563151 
5.713810939556737e-32 0.4999525180049329 0.4999525180049329 9.49639901342545e-05 3.988971969520577e-17 7.20731691892731e-21 2.6159895207821258e-23 4.748639476881801e-33 
3.1271656057452207e-80 1.011172371979244e-20 1.011172371979244e-20 1.2027013489318785e-15 0.18840803188201946 3.058879815856961e-05 0.811530174827321 3.12044924998712e-05 
1.7632568028791776e-82 1.063465515480798e-22 1.063465515480798e-22 4.3191072857032415e-12 0.1018196011996525 0.048543163158456984 0.8069303591689956 0.04270687646857578 
3.603035993143639e-32 0.49999462613932283 0.49999462613932283 1.0746691784876764e-05 5.818206317729693e-10 4.477300100834921e-10 1.8747639164217823e-14 1.9833594010778707e-20 
5.968109820168675e-79 3.83076605711656e-21 3.83076605711656e-21 5.596716547403028e-20 6.526565000295549e-06 0.9999593666357544 2.0654036043569377e-05 1.3452763201798135e-05 
5.068094029938977e-106 7.16914826931772e-36 7.16914826931772e-36 1.7848585396958324e-36 1.5201960798437308e-05 0.7934885254176526 0.00783975944602837 0.19865651317552066 
2.2358603449719285e-99 4.4643149861477766e-26 4.4643149861477766e-26 5.961497388417237e-26 1.8028572416021667e-05 0.9985254357230402 0.0002068372756882643 0.0012496984288553848 
8.069848372528395e-42 2.0168012080918772e-05 2.0168012080918772e-05 0.9999596493169334 1.4658791812361836e-08 5.738441804715899e-18 1.1289169472901063e-13 2.519037021140163e-19 
3.156975456349288e-39 0.49963136314884765 0.49963136314884765 0.000729813741113715 7.4457838921648e-06 1.0986196358792715e-08 3.1910650995045667e-09 3.7309567328941464e-14 
4.4003146168054025e-79 1.4426357119697267e-28 1.4426357119697267e-28 1.8467118498673956e-17 0.08339826921155724 0.8391365310342813 0.07700724181291836 0.00045795794124321937 
8.136506834239769e-25 0.4995644621457377 0.4995644621457377 0.0008710757004707359 8.054000384784788e-12 7.383476765194182e-31 4.497374446253698e-18 2.291643116823444e-32 
1.0 2.8502066843922677e-27 2.8502066843922677e-27 3.030907861627388e-30 4.236422962610918e-67 1.5696412973436778e-98 4.214723263246104e-85 8.450471496782459e-103 
2.3318404794663207e-64 2.2897012274840776e-13 2.2897012274840776e-13 3.726285508193164e-05 0.8903013117248252 5.969836015339821e-08 0.10343578375848644 0.006225581962788389 
1.0 1.111782433831012e-40 1.111782433831012e-40 2.606528403203865e-54 5.7718295286438564e-71 8.364338868906752e-91 4.796819464413272e-89 3.6800669597924964e-114 
8.08150014144011e-32 0.002806977929836398 0.002806977929836398 0.994386044140327 7.410279486394994e-21 7.788914435017626e-27 1.0665261702676644e-28 1.178288814278113e-40 
6.181832978983576e-30 0.006269339944916326 0.006269339944916326 0.9874613200596546 5.0512812738926235e-11 7.48897030246488e-24 1.0219314592569999e-16 2.2476259484295314e-24 
9.568418304796176e-25 0.4987494531417442 0.4987494531417442 0.0025010936884020296 2.8109541707815022e-11 1.5230303236414543e-18 2.678636150177546e-18 3.138237784325731e-27 
1.8482987239237986e-24 0.499659889437039 0.499659889437039 0.0006802211114810879 1.4440902143780663e-11 8.050982123092523e-24 6.424185137952399e-20 1.0872778993136944e-30 
1.3544520144139266e-31 0.4979891505519279 0.4979891505519279 0.00402169889614392 2.6483101654588296e-16 3.7634111006898043e-28 1.8851961996119615e-22 2.373000128761315e-31 
1.6026663930713645e-30 2.2109778621084157e-05 2.2109778621084157e-05 0.9999557804427568 9.34135031683386e-16 1.5303042358441518e-41 4.573115983342566e-22 5.2179402318258704e-31 
6.373734033584818e-44 5.1812461563216566e-05 5.1812461563216566e-05 0.9998961919155333 1.8302670113600643e-07 5.801147190285606e-20 1.3463915384901356e-10 4.715640535672808e-17 
9.73308876915317e-34 0.4999425880031117 0.4999425880031117 0.00011456442992929062 2.5904887868588433e-07 4.983618237382934e-10 1.6606781694920848e-11 4.887828506072556e-19 
5.43876577309047e-102 2.672802037314159e-38 2.672802037314159e-38 2.671027583434216e-28 0.0002252979549172712 0.10293670723115732 0.8770969770659207 0.019741017748004783 
1.8717089675102347e-35 0.4763568508879634 0.4763568508879634 0.04728628236846123 1.585540765713788e-08 1.8265200155272426e-14 1.861461797944865e-13 3.5906049841439434e-18 
4.4729533994388984e-17 0.4999448737058376 0.4999448737058376 0.00011025258832452203 1.1831111692250322e-24 2.0837570133477162e-34 1.2380080274041504e-35 1.2544989406766058e-50 
1.6824632810260692e-44 0.0017558839399376186 0.0017558839399376186 0.9964880850529592 1.4670095615735745e-07 1.4965986355385149e-15 3.662072196754713e-10 6.722396051794108e-16 
8.804620934756374e-62 1.7890648771372615e-18 1.7890648771372615e-18 2.765578101008426e-17 0.9775009928154018 1.2704768054482683e-07 0.022482509716760864 1.637042015678932e-05 
9.703721819733528e-76 2.2096169038351566e-18 2.2096169038351566e-18 1.4588249338161751e-13 0.04195665537937513 0.7256359495242263 0.19873824470432006 0.033669150391932544 
5.658252052274708e-40 0.0003548904201683793 0.0003548904201683793 0.9992722948855518 1.791730604695923e-05 4.417036727564925e-14 6.968019630465925e-09 5.933003338454701e-16 
3.2083895223864956e-55 1.4844723525235413e-07 1.4844723525235413e-07 2.2618940128936157e-06 0.9893065150588587 0.0021710607618975197 0.008519656109580184 2.0928118023249132e-07 
1.2063537496325982e-76 2.2396561490015506e-20 2.2396561490015506e-20 2.6383463241481133e-12 0.29316464625120736 2.4282704158382294e-07 0.7017907304943977 0.005044380424714991 
2.4760467337861305e-35 0.0005782224388360433 0.0005782224388360433 0.9988432454759617 3.095075319920555e-07 6.0967975488712296e-24 1.3883410225739956e-10 6.431753443297086e-18 
7.431728539216107e-67 5.952449061080521e-22 5.952449061080521e-22 1.1666067004957718e-11 0.6973782058201754 0.0002157827885049102 0.3023673673829746 3.86439966790682e-05 
2.073924028123087e-27 0.49241637039287356 0.49241637039287356 0.01516725921425287 4.685116543764157e-17 8.138535187725524e-26 1.1990238854575266e-24 3.575328131843506e-34 
4.316597212643891e-94 5.0224461537812714e-36 5.0224461537812714e-36 2.3953314543029694e-28 0.0008395212165139698 3.3253583328477435e-05 0.20834442463548117 0.7907828005646763 
6.445765062321786e-66 1.5811235100089101e-18 1.5811235100089101e-18 3.881814583183184e-08 0.9514601779630655 0.00022096083774332894 0.048316248718346666 2.5736626987830816e-06 
8.528721498258263e-31 0.40901511782528077 0.40901511782528077 0.1819697643494384 5.042025194970249e-20 6.332592155032461e-28 1.53689171124376e-23 1.0042959779674616e-35 
5.479136519884492e-108 9.68979029652199e-38 9.68979029652199e-38 6.295513199146881e-23 2.687023173940151e-06 5.592846753100007e-06 0.0531138939115317 0.9468778262185413 
4.92829125205513e-86 4.916571523857881e-18 4.916571523857881e-18 1.3609361711029705e-17 3.953544777022773e-05 0.2748160454558614 0.5915894836502046 0.13355493544616365 
1.0 4.303024104893268e-29 4.303024104893268e-29 6.1098815465121585e-40 5.958054731346899e-54 4.292677424546334e-67 8.162116489289203e-69 8.53436834060627e-91 
4.888100525218924e-81 2.4357381986824213e-18 2.4357381986824213e-18 9.398643639975126e-18 0.0024254432913494084 3.378522726825198e-07 0.0996923419945523 0.8978818768618256 
4.4376441940659824e-80 7.494875282467308e-22 7.494875282467308e-22 5.88921037046402e-16 0.1263622402547629 0.02742474142231358 0.5324476867665844 0.3137653315563384 
1.3675609432256014e-53 3.972168612456207e-13 3.972168612456207e-13 1.398573130949677e-06 0.8939385544095837 3.46621042946842e-06 0.10605113780819908 5.442997862480212e-06 
1.0 2.1136533060751665e-33 2.1136533060751665e-33 3.55977924275848e-44 5.732185723911482e-48 8.905020770823554e-66 1.9511457979945564e-64 6.5031544701295415e-81 
2.2390789895896571e-100 7.1173636265692005e-28 7.1173636265692005e-28 9.711037266084133e-16 1.8611471201622722e-05 9.965811001316338e-09 0.12369531954210651 0.87628605902088 
2.387172115090525e-30 0.49999964585828505 0.49999964585828505 7.082834298133834e-07 4.371942499012782e-26 4.511716208220551e-31 6.0538605861206e-33 2.9013732339222447e-42 
9.942104856261869e-29 0.49999904832163045 0.49999904832163045 1.9033567390622486e-06 4.746750905461039e-23 4.477441741801201e-26 2.1695066905330717e-30 1.915917689535904e-41 
1.0 1.5122999167871638e-21 1.5122999167871638e-21 8.977444446573773e-27 1.2225570913164157e-55 1.0087056844678894e-78 5.204442276230174e-69 2.3899975198379105e-91 
2.0414786647837367e-78 2.9210431743785803e-29 2.9210431743785803e-29 2.0951948695234294e-17 0.4691529600424918 9.263233616653549e-05 0.49474642437343125 0.036007983247910366 
3.6491310453368076e-89 1.478953465549717e-29 1.478953465549717e-29 1.8584493905414308e-20 0.010875450311511077 0.3544186577849232 0.3870606481307978 0.24764524377276798 
1.0044284831548863e-94 1.8560488251574912e-29 1.8560488251574912e-29 2.7305125239260105e-29 6.870637837638919e-06 0.9926476066324462 0.002212495241269674 0.005133027488446459 
1.2209059142477283e-62 1.0076679218116021e-13 1.0076679218116021e-13 1.1560915312125541e-10 0.5112173386832625 0.01591157794557578 0.47284342674527596 2.7656510075099062e-05 
8.967823444218683e-44 3.773330974851853e-05 3.773330974851853e-05 0.999924533380503 5.822431544083449e-17 9.339137430431918e-36 1.482854876476614e-20 3.2367727094870185e-27 
7.108130589707552e-33 0.49999999931095085 0.49999999931095085 1.377827223900279e-09 2.7118724839110893e-13 8.787764297705517e-17 1.3818545054177882e-20 3.883445807914948e-28 
3.642473864196784e-30 0.00017126314153547163 0.00017126314153547163 0.9996574722959303 1.4209980099440908e-09 7.836432855100327e-30 9.471779791527213e-16 5.4345564963295325e-24 
2.854593474181945e-55 1.3383916411265617e-10 1.3383916411265617e-10 3.765121947416164e-09 0.9968995857527023 2.8774391343822056e-05 0.0030674470405470514 4.188782606595749e-06 
1.3503050700714212e-63 1.0250444881075667e-11 1.0250444881075667e-11 6.994241498294512e-09 0.598411718922874 7.409077092738201e-06 0.401496772929901 8.409205539005961e-05 
1.8819154228567346e-99 4.143825747647924e-34 4.143825747647924e-34 2.2613572915338654e-22 2.8222498121450503e-06 0.0016538958126333144 0.20539171354668287 0.7929515683908718 
8.668049980267505e-103 1.5385069233493951e-27 1.5385069233493951e-27 1.77980655216568e-16 2.6914152793527556e-06 2.5660297532576397e-08 0.0028547812283043184 0.9971425016961186 
3.1504555590567074e-33 0.1592288375656567 0.1592288375656567 0.6814813630145236 6.09617991986413e-05 8.73805537681105e-22 5.496434397619608e-11 3.7225902958946335e-18 
2.751417743105271e-72 1.3087066651187875e-12 1.3087066651187875e-12 3.769289046149758e-20 0.09926741352601137 0.2318712463834824 0.5832299526388629 0.08563138744902601 
4.870523586000372e-77 3.0250515754947644e-17 3.0250515754947644e-17 3.0075559551465614e-11 0.0031103355441897762 1.8395829254499923e-05 0.009799343476126442 0.9870719251203538 
7.472186249653847e-102 4.7580059745932914e-23 4.7580059745932914e-23 1.7045570782370768e-20 2.018270810765724e-06 0.003252426934493622 0.049428129621166196 0.9473174251735293 
1.3594301978898685e-63 1.0633028708064023e-19 1.0633028708064023e-19 1.8959798279606707e-09 0.9575006908898686 0.000259368357953607 0.04223891704988272 1.0218063152162221e-06 
1.1833612364485817e-39 0.49996851587505253 0.49996851587505253 6.296821940694737e-05 3.0486947789885376e-11 2.0061755220222632e-16 8.595464296987509e-16 8.83048733521718e-22 
4.432603492408333e-93 3.046516692558673e-38 3.046516692558673e-38 1.9699687327299843e-20 0.0022353815297223405 4.958399005421544e-05 0.9976332840196002 8.175046062337346e-05 
3.6128878341795034e-26 0.49999999933917044 0.49999999933917044 1.3216591172097396e-09 5.075835992894586e-23 2.6654691572334485e-34 7.206642787106812e-31 2.4586551415797525e-44 
1.0 2.000793260785881e-23 2.000793260785881e-23 4.502838066796804e-40 1.1292767616700707e-52 4.884336588739727e-64 2.9698520919587516e-69 3.491841598214272e-88 
8.75667591307768e-38 0.07110810726641514 0.07110810726641514 0.8577669240041446 1.6814171152212227e-05 1.6974804845181363e-09 4.559434226464358e-08 4.9995750672675026e-14 
8.570977737467685e-57 6.302645508077242e-13 6.302645508077242e-13 8.384912863091411e-13 0.8714527972348369 6.147773219996261e-08 0.12852737259310051 1.9768692231419627e-05 
1.2837169525851933e-38 0.4997544039925061 0.4997544039925061 0.0004911676134376037 2.4387963662172577e-08 3.655813324749217e-12 9.930674130632453e-12 1.5153750964523644e-17 
1.8788345766309626e-34 0.4991862703534176 0.4991862703534176 0.0016274591242386182 1.6892604228534783e-10 1.7921548643889385e-17 8.039336185475082e-17 3.3286602558252047e-23 
2.3750698256795325e-25 0.4988938080401625 0.4988938080401625 0.0022123839196749734 2.992595502607881e-23 2.8074654408212336e-33 1.1380360464609055e-31 3.8076184420775316e-44 
6.1316066120387386e-96 5.568153889288898e-31 5.568153889288898e-31 2.8639732374944577e-19 0.00010567880257001197 7.095069257723401e-05 0.6082422200557325 0.39158115044912023 
7.147380353022729e-65 5.502108407575405e-16 5.502108407575405e-16 4.903115947136976e-10 0.9897993921012926 0.0003676072565904407 0.009733539045742624 9.946110606162987e-05 
1.9037793452191612e-93 3.1758051933396295e-27 3.1758051933396295e-27 2.2551670814681005e-16 3.7295575587010964e-05 0.00013098219876794527 0.5983077608817005 0.40152396134394447 
9.564338576615408e-28 0.0315398883430011 0.0315398883430011 0.9369202233139934 4.281486986698591e-15 1.89071680547665e-37 1.1880048624675464e-23 1.2988209434934515e-31 
1.0 1.9439072820281922e-23 1.9439072820281922e-23 1.0602465014028985e-29 2.411167585781807e-45 3.6087357819662894e-65 6.042776883873501e-58 1.27296380248757e-76 
3.2451377156017144e-85 7.30324324168716e-27 7.30324324168716e-27 7.189115286633448e-29 1.1041801575221282e-05 0.9999600655797467 2.654114829554196e-05 2.3514703826019327e-06 
1.8676422394029687e-87 2.344243242558428e-21 2.344243242558428e-21 1.0068186940242601e-14 0.0037653666811217003 0.04554344014701381 0.5030338272122267 0.44765736595962774 
1.1788478729629108e-82 8.068911612337585e-26 8.068911612337585e-26 8.592150767375073e-18 0.16415755779187613 0.08655041500723902 0.7122540131965728 0.037038014004312086 
7.745214265298276e-76 1.9090838034250703e-15 1.9090838034250703e-15 7.95303062430697e-12 0.039265971906012144 0.030064864285193026 0.8940330525246717 0.036636111276166276 
1.1944212652035123e-27 0.49999988271439055 0.49999988271439055 2.3457121889272726e-07 6.4359934349450874e-18 2.4053798443509478e-29 1.917430534995153e-26 5.023261439680926e-39 
7.024444347176659e-80 2.9106076640128567e-16 2.9106076640128567e-16 1.2054664914016592e-18 1.1409531090011007e-06 0.999998623131795 2.1176901449435457e-07 2.4146080960369796e-08 
6.121427170714062e-26 0.4999474045379188 0.4999474045379188 0.00010519086094670291 5.843754594876937e-11 4.778191240144678e-12 8.835655070143014e-18 2.217177182253592e-26 
2.1695631373160406e-66 1.8505640851251986e-13 1.8505640851251986e-13 5.0130368059836104e-09 0.8689883945760574 0.0004920090876552631 0.13050355407212696 1.603725075338329e-05 
8.80040651237713e-27 0.49999957937632544 0.49999957937632544 8.412473491790989e-07 4.7661876798422784e-17 2.5754315025014942e-17 4.119002694432904e-23 2.9008696575142712e-33 
2.0532239138091048e-61 4.551151320464188e-19 4.551151320464188e-19 1.0836287619288888e-10 0.9839191048317111 4.0258542532161324e-10 0.01607720813100118 3.68652633951618e-06 
2.7139466966420257e-29 0.4999847937645142 0.4999847937645142 3.0412470971304412e-05 1.029236686872059e-16 1.5750013607586286e-20 2.5835836838430798e-24 1.5658875694047367e-33 
7.980690646892477e-95 4.3487917846911826e-39 4.3487917846911826e-39 6.526942123911362e-29 0.0005594358250776523 0.10342783952334401 0.6965850636737502 0.19942766097782813 
6.95456105561563e-57 1.4339156377853392e-14 1.4339156377853392e-14 0.001928817807099863 0.9836724268735197 3.0155001569951154e-06 0.014395282128809509 4.5769038513780266e-07 
1.0701646864202873e-23 8.7904819664616e-05 8.7904819664616e-05 0.9998241903606635 7.287283136314882e-15 3.2589043121810915e-26 4.106344495826149e-23 4.39924477206855e-33 
1.155857843911753e-22 0.20683224327981267 0.20683224327981267 0.586335513438694 1.6801969246120118e-12 3.6940426854700367e-16 3.5023182596738983e-20 1.1052520723980033e-27 
6.67236548464284e-33 0.3648389480762567 0.3648389480762567 0.27032210384748656 1.9129239896554312e-21 1.5524673729503183e-35 1.1444480602286112e-29 4.242422769262247e-38 
1.8400868416106693e-22 0.49761571544615263 0.49761571544615263 0.004768569107097654 5.971271394718074e-13 1.8521502076034066e-21 3.6652190786349834e-21 5.4758485873506114e-31 
1.2963569568795278e-93 7.738603880521626e-26 7.738603880521626e-26 6.721985402926109e-32 4.108841237725503e-05 0.48030900348243977 0.1781672043293407 0.3414827037758423 
9.824908357747194e-22 0.49999887801108067 0.49999887801108067 2.243977838690177e-06 1.678748510862296e-29 3.4734225488715547e-26 6.322231283706669e-39 4.4857004197023157e-54 
1.0 2.3983557437223566e-35 2.3983557437223566e-35 7.333816223802674e-42 3.9133986161544643e-63 7.39896329143678e-89 2.212043361841998e-81 9.291453227432742e-100 
6.115650557110869e-32 0.4998659812343679 0.4998659812343679 0.0002680375312636113 6.17085121334156e-16 2.0634505883755402e-22 3.0741616551405327e-22 2.68698128744772e-28 
1.0 7.327637796372836e-43 7.327637796372836e-43 4.065215430629895e-51 5.783174356782846e-69 1.4504699572444193e-97 7.927409188968467e-88 2.4749098470446984e-109 
1.0 1.9222387924892117e-25 1.9222387924892117e-25 8.876773510762164e-37 4.574945905114739e-65 6.149646872494084e-81 1.552997680193868e-81 5.624908438162518e-101 
3.819554925404301e-82 2.97476140980596e-24 2.97476140980596e-24 1.9805998378389918e-18 0.2084836023393715 0.0009377171738660693 0.7802551302512862 0.010323550235476221 
1.1594510480737693e-51 0.4998893070286842 0.4998893070286842 0.00021772720690310207 2.717111135460954e-06 2.957745921631271e-07 6.456641830727794e-07 1.858178417605117e-10 
5.8992310450788e-77 2.3504398128683678e-17 2.3504398128683678e-17 2.2811864019690633e-12 0.2928948130896275 0.010192665748167094 0.2688052273871664 0.4281072937727578 
1.5765216891724848e-41 0.004261759288723463 0.004261759288723463 0.9914629858162702 1.3495480778937446e-05 5.525835804626913e-22 1.2550372983748377e-10 1.042498871426646e-17 
3.4888299930915995e-49 6.254446043142602e-06 6.254446043142602e-06 0.9999874910704795 3.739720446570018e-11 2.9065852942597513e-15 3.384090276889341e-14 6.6737202059183824e-18 
6.921592776113521e-93 2.363755948986519e-31 2.363755948986519e-31 4.3490667628331765e-20 0.0008453315999973662 6.434845308683842e-07 0.9873538777423804 0.01180014717309123 
1.62582613737599e-21 0.49907130979939535 0.49907130979939535 0.0018573804012092143 8.836925009970376e-23 1.0656945741152151e-35 6.515751852267834e-34 1.0827069852963436e-47 
5.891560917654694e-101 5.2808720888967554e-24 5.2808720888967554e-24 1.7691205157596343e-36 1.7244196255935956e-12 0.9999990845001746 3.6586906422592055e-08 8.789111946428277e-07 
8.2114583783611e-42 0.0011070423741911704 0.0011070423741911704 0.9977859021046018 1.313685084859627e-08 9.240338846275218e-14 1.0072557885885108e-11 1.1895551534439132e-17 
1.0 3.9770857964290784e-54 3.9770857964290784e-54 4.844624620908831e-56 3.075325346827722e-60 9.271490710868072e-93 1.9794964399926856e-77 1.786573099369298e-94 
5.065503034776099e-71 1.7134799745694523e-37 1.7134799745694523e-37 6.4136171365455734e-24 0.9647115425273031 2.505403298739902e-07 0.035246871487999175 4.133544436788224e-05 
2.0606184030585488e-91 9.621268768994249e-20 9.621268768994249e-20 4.9870804899817915e-14 1.607667998226588e-05 2.2796777178691126e-05 0.06928037104200427 0.930680755500785 
7.385974702439965e-32 0.012901432978026274 0.012901432978026274 0.9741971340439475 4.0565685901358457e-20 4.1859991541727616e-45 2.6514530423197437e-29 6.4572451443787e-39 
3.0417443796328098e-24 0.42203058719004294 0.42203058719004294 0.1559388256199141 2.463610910092868e-17 6.700345446486267e-32 3.767515199756429e-24 3.548387655486381e-36 
1.0 5.73418412262332e-25 5.73418412262332e-25 4.538219517551004e-28 1.447377282013572e-60 9.063980395640849e-92 3.4813702413648797e-78 2.159054263564271e-93 
2.0138405368386023e-93 8.352446943929935e-32 8.352446943929935e-32 4.8809433507469416e-20 0.0004285733409616589 0.7362443317445492 0.2352677525401184 0.028059342374370768 
3.9877650598334313e-23 0.0006366625074528091 0.0006366625074528091 0.9987266749850945 9.435912615527036e-24 7.819568271752892e-34 6.279755118386511e-33 1.2492260122277114e-59 
1.801487980809013e-19 0.49996487425106434 0.49996487425106434 7.025149787121997e-05 2.698898373979826e-26 8.607309638103094e-42 1.3713281084134672e-34 9.909515712925114e-47 
1.0512224861241764e-39 0.4987711741572198 0.4987711741572198 0.0024576397560202943 1.1454345902444217e-08 4.732749011702922e-10 1.9192992791608406e-12 1.3069718908370908e-17 
1.0 3.505422606151111e-48 3.505422606151111e-48 3.84702114006555e-58 1.0340243119220548e-74 2.5425546244716892e-95 6.368168399281796e-90 2.2520835637543188e-111 
6.73382846632095e-29 0.4999164564179747 0.4999164564179747 0.00016708716405049387 4.3263717914726895e-18 1.1196426802245224e-28 7.849099931470478e-25 8.222877332453813e-35 
2.4235207542609044e-19 0.49784936915287786 0.49784936915287786 0.004301261694127391 1.1681633829000073e-13 2.2350555905346974e-28 5.121676317851409e-22 2.893259095753118e-30 
2.6945750802664825e-31 4.34513784179622e-05 4.34513784179622e-05 0.9999096770967717 3.4201463190813788e-06 3.395809564351793e-22 7.323090377655365e-14 2.7548544963829766e-23 
6.496062893468959e-64 8.346183680329698e-17 8.346183680329698e-17 3.630173029963883e-15 0.767102349770088 1.082687089719321e-07 0.23280575862357425 9.178333762506525e-05 
2.3766778305196573e-29 0.49999551630330186 0.49999551630330186 8.510838231854113e-06 4.5651941102527705e-07 1.5661416535423802e-16 3.575318503445e-11 1.5036979603588351e-21 
1.6309517719026534e-34 6.705247203962509e-08 6.705247203962509e-08 0.9999998658950559 2.1735391372848126e-18 3.6003626400253866e-40 7.81127118461426e-27 6.678897364922581e-44 
1.8338659939546515e-31 0.49999912825599385 0.49999912825599385 1.7434880119758935e-06 2.292174431268884e-16 3.5038970595019173e-19 3.2854230272664255e-23 4.457866677135267e-31 
4.400200155819836e-31 0.4729814240736548 0.4729814240736548 0.05403700619540933 1.4565603543595953e-07 5.441080418646618e-16 1.245139363799801e-12 1.7611454642972154e-18 
2.6396186291704795e-31 0.0005425177792522334 0.0005425177792522334 0.9989141055406663 8.588717580429559e-07 1.9732874627284672e-20 2.907125495457556e-11 1.3692660442535653e-19 
1.103083937071477e-37 3.198038130994378e-05 3.198038130994378e-05 0.999936039237378 2.2256534915419777e-15 1.6018528402206758e-26 4.16731565912977e-22 6.1689277070877425e-28 
8.389031582043226e-89 1.0487885758551091e-26 1.0487885758551091e-26 2.6354809044349395e-20 0.005969206803741541 1.1328091173980265e-05 0.9300480572167394 0.06397140788834504 
1.2473178858192034e-19 0.49998820111249925 0.49998820111249925 2.3597775000938294e-05 6.416963988167218e-16 7.306321176556018e-20 8.882530489323962e-25 6.873614051904998e-34 
3.560743920312709e-30 0.4999999533911624 0.4999999533911624 9.321767520638272e-08 1.2942218506122824e-19 3.3559396250609064e-23 1.4469457617956082e-27 3.476961597379495e-37 
8.65400948144906e-39 3.2224325173123997e-06 3.2224325173123997e-06 0.9999934225309788 1.3260233692481915e-07 2.8763229411223056e-20 1.6497262345791319e-12 2.9905850709586254e-19 
1.0 8.402403256076388e-35 8.402403256076388e-35 8.118419837337487e-41 3.835906121886824e-72 2.08985197051625e-96 4.6739517219260506e-88 3.551061538340453e-109 
1.0305180727302885e-73 5.658837494566525e-22 5.658837494566525e-22 2.382175902294317e-13 0.19560427611894377 0.0001820842743925304 0.8036786016497679 0.0005350379566575298 
2.88892108693234e-88 7.204687971770625e-29 7.204687971770625e-29 4.568921402083615e-25 4.777726617200712e-06 0.9974802761844805 0.002401616344826352 0.00011332974407590932 
1.9461155713404016e-39 0.49996871878763754 0.49996871878763754 6.256242462377927e-05 1.0099774898259531e-13 2.4034667310463264e-22 1.0069801313691077e-18 6.751754880006681e-25 
4.4359348410368714e-39 0.4998757506699131 0.4998757506699131 0.0002484986332678019 2.6647578459626323e-11 2.578147138879594e-13 6.296858458285905e-16 8.387295583035486e-22 
7.899054382628926e-31 0.49999701840143546 0.49999701840143546 5.963197115308943e-06 3.4848335003586955e-15 1.0334336407068541e-14 5.223250270165549e-20 7.363276168853797e-26 
6.830694649836809e-67 4.0092105014157094e-21 4.0092105014157094e-21 2.4349460604199355e-13 0.9512859639362509 1.6659329904967515e-05 0.048694511034209104 2.865699391561394e-06 
2.581496129388304e-21 0.4999928423587638 0.4999928423587638 1.4315282472413425e-05 2.322470884571336e-21 1.3222295011431642e-24 2.7211581184626127e-31 3.224520122921227e-41 
7.142165497318675e-59 2.77046992610271e-11 2.77046992610271e-11 9.615454400055169e-12 0.9767346241348149 5.8721923962046856e-05 0.023203430670409985 3.223205788084773e-06 
4.2021556761903195e-127 4.6933783446137974e-43 4.6933783446137974e-43 2.0440497497452222e-31 3.5645787445175015e-08 0.00028758815841381193 0.002932592113153048 0.9967797840826456 
2.4464586630952546e-99 4.7446573639263745e-28 4.7446573639263745e-28 4.523385281326234e-27 7.617075279452445e-08 0.9643265727742198 0.0023355729030830018 0.03333777815194446 
1.7450088661900875e-58 1.1436648603369209e-10 1.1436648603369209e-10 8.212751557245375e-08 0.543809059065136 0.009305078309263822 0.4192610310884603 0.02762474918089126 
1.6994476820567202e-39 0.4999368389065526 0.4999368389065526 0.0001263221868852478 9.589709197019936e-15 4.878134896225264e-27 6.544431831122018e-20 2.5843398293138996e-24 
7.080594107952321e-84 1.1857913419335351e-21 1.1857913419335351e-21 5.849737458945274e-16 0.0013354336423880614 0.894259627440013 0.0343188572077755 0.07008608170982274 
2.8909822824313943e-97 2.5094160947788808e-29 2.5094160947788808e-29 2.21089605286741e-28 2.6792156263482233e-05 0.9590107363192846 0.011889486415599249 0.029072985108852655 
5.4477098063323e-84 5.080516380737093e-28 5.080516380737093e-28 1.726506992199287e-19 0.03317080648639688 1.6367076685874723e-08 0.9210092948911133 0.045819882255413016 
5.9723186878591596e-83 2.1495388829466716e-17 2.1495388829466716e-17 3.282777995056983e-12 7.0684468118189e-06 0.08728959945609346 0.0583138136643381 0.8543895184294737 
1.2832854949242e-24 1.952672214434946e-06 1.952672214434946e-06 0.999996094655571 3.223400400368591e-19 1.2218835847856322e-53 2.2591498576663225e-26 5.2626095463899145e-39 
1.0 1.8665939704790026e-55 1.8665939704790026e-55 1.820447532092519e-53 2.6644944342541713e-76 6.241764074847308e-123 1.0545714140834134e-95 2.987317888826366e-118 
9.692764289257459e-79 3.713051386070643e-17 3.713051386070643e-17 1.669708629445579e-13 0.05998211635894257 7.631755063001767e-06 0.720037865042647 0.21997238684318046 
2.215971237870251e-33 0.08533942045138926 0.08533942045138926 0.8293211578245895 1.2726289020228473e-09 2.878751712492375e-21 2.923988721516975e-15 1.1426791527692879e-21 
3.7396522903662967e-65 1.6061012759060537e-23 1.6061012759060537e-23 1.6091644921397898e-11 0.9370760511851922 0.016834630890632935 0.04608794527562295 1.3726324603042231e-06 
3.45784245156707e-97 1.3589299601940384e-19 1.3589299601940384e-19 2.4932632529884194e-25 1.0105470765015905e-10 0.999996909697658 4.5952128341132335e-07 2.630680003724855e-06 
2.364694346501825e-93 9.349366605344033e-21 9.349366605344033e-21 5.349266894593513e-19 0.00022262408261844414 1.13811827885471e-06 0.035100590156368766 0.964675647642734 
4.950420039405379e-30 0.498577710601579 0.498577710601579 0.002844578796841963 5.487966924397867e-17 1.0051911369971728e-25 1.5276146988689084e-23 3.503704253467108e-33 
3.684748094061571e-114 1.846250111695649e-39 1.846250111695649e-39 1.186464337461695e-29 0.0003689945163311318 0.0002657901566994129 0.07041099561700509 0.9289542197099645 
1.0 2.1257789443658732e-32 2.1257789443658732e-32 2.6164585986895172e-30 2.241120495327985e-65 3.520936718565201e-107 2.0625351382822432e-82 1.5342460213542843e-114 
2.655864869405171e-26 0.49999995802331854 0.49999995802331854 8.395336295295476e-08 2.1368324821199446e-21 2.4050942655381485e-28 6.160888293584564e-31 2.731548995330018e-38 
1.4416968872051676e-93 2.1268453325944085e-31 2.1268453325944085e-31 7.996581757195313e-24 0.0011213583026981355 0.0021653539145843194 0.16447531515123331 0.8322379726314841 
1.1046729105115414e-16 0.49994755813806047 0.49994755813806047 0.000104883723878851 7.343319540201086e-18 9.05703581247357e-19 1.0074225465709235e-26 2.0252274145394512e-38 
1.512335243582849e-100 2.566022715679e-61 2.566022715679e-61 6.123779228558638e-30 0.03367184296796407 0.0526136906901902 0.9122162298898311 0.0014982364520146844 
2.2364930745471585e-27 0.4999996911588614 0.4999996911588614 6.17682277056003e-07 6.115833273668562e-18 4.485732110295586e-28 2.6245092083045354e-26 9.75299460202072e-37 
1.6384812293164436e-65 8.290155815166479e-21 8.290155815166479e-21 2.8998033126352435e-16 0.9934764245080289 2.3888690872811654e-11 0.00652340446540681 1.7100267527580602e-07 
1.2120633696349334e-94 1.8234093681381727e-27 1.8234093681381727e-27 1.00426431707529e-29 1.4160071003416254e-09 0.9918848715681344 1.320147383812791e-05 0.008101925542020312 
3.622306293818358e-31 0.4847014461189688 0.4847014461189688 0.030597107761890167 1.7232000511477036e-13 2.1193666466465667e-25 9.104655767872302e-19 1.6487615870428611e-24 
3.295030680747233e-55 0.014330424063037705 0.014330424063037705 0.9713391517249671 1.4430537909545937e-10 2.3962493896326985e-26 4.652076434238137e-12 6.872903222108707e-17 
1.0210896718344826e-37 1.3397234077256258e-05 1.3397234077256258e-05 0.9999732002513203 5.280461453139374e-09 6.623048432327608e-19 6.38153403965619e-14 8.870671049831647e-21 
3.197759347665378e-44 0.34909287638280617 0.34909287638280617 0.034203240439465085 0.2646115597900699 8.259942584020153e-07 0.0029986073411312013 1.366946297571856e-08 
2.9911439515450893e-35 0.12527293225221786 0.12527293225221786 0.7494541354809192 1.463128284545266e-11 1.3576710987613997e-14 2.5429548586968043e-16 1.8362632717933274e-22 
3.761712999671157e-70 1.011477370818007e-13 1.011477370818007e-13 1.2574399087559987e-08 0.6376319706513492 0.03330900401834012 0.2694531268665893 0.059605885889119775 
2.932775899608471e-54 6.25141644456693e-21 6.25141644456693e-21 2.324520231366086e-12 0.7942043015027022 4.657925221912836e-07 0.20578923390892437 5.99879352681304e-06 
1.539585590705584e-32 0.47848671233390583 0.47848671233390583 0.043026575332180746 7.571564337930285e-15 5.446396944193302e-23 9.179685629789855e-21 6.1768398599952055e-31 
2.3223925778347608e-95 1.3908991453944858e-30 1.3908991453944858e-30 2.9764112805072575e-22 4.2415943630182287e-05 0.007848009945454612 0.08663191041151563 0.9054776636993995 
5.230525159997982e-103 7.218753821202425e-37 7.218753821202425e-37 1.943620238393821e-24 6.056617649599316e-07 3.3737300703284828e-06 0.020639823927596695 0.9793561966805681 
1.0 5.59068858982683e-19 5.59068858982683e-19 2.8015270362546933e-26 7.48928106438859e-40 6.079468298301508e-60 3.1958268079683298e-52 3.2676249163086753e-69 
3.098286757150708e-57 5.60735942846166e-14 5.60735942846166e-14 1.474958767535776e-05 0.9857871827118454 0.00012550620749049408 0.014072549385948645 1.2106928059033823e-08 
1.88475880759979e-30 0.4409938102129198 0.4409938102129198 0.11801237908888475 4.852670742990141e-10 1.5565208823423385e-19 8.69647829479169e-15 3.912306616374279e-22 
1.1613456498898404e-89 3.1452366701705434e-34 3.1452366701705434e-34 2.465922615534642e-28 0.012592406847762656 0.000947524345356225 0.9863505116171087 0.00010955718977231084 
1.1839912014662946e-23 0.4999999985467982 0.4999999985467982 2.9064033018257713e-09 3.6937939807807183e-17 2.941323654464978e-16 3.567451635035869e-24 1.044224556942843e-33 
1.2641261209779137e-62 3.321038297985439e-17 3.321038297985439e-17 2.668081983357811e-15 0.9660265051237421 4.6197199213028653e-05 0.033927266649255 3.102778713340562e-08 
8.718137731848967e-72 5.446961398442825e-29 5.446961398442825e-29 5.391798624406538e-21 0.9606506470389427 4.039286390985229e-05 0.03917790228298412 0.00013105781416335781 
1.7113176294643663e-32 0.00028265579013784793 0.00028265579013784793 0.9994346884197226 1.699726708494329e-15 5.377972378879011e-43 7.799132404764786e-23 6.578191855656337e-42 
1.0851313846080908e-32 0.02014152810179808 0.02014152810179808 0.9597153711499883 1.5726455995246735e-06 2.1918835828487953e-24 8.162589855373431e-13 1.4668705178075412e-18 
4.363274767682573e-23 0.49981088895354736 0.49981088895354736 0.00037822209290533826 6.146198849990151e-21 1.263599070657712e-34 4.491983412310123e-30 2.1190131726505594e-43 
1.5768191856344256e-41 6.479600401572184e-05 6.479600401572184e-05 0.9998704079905691 1.3993974153023037e-12 3.949834872397814e-30 3.918004293975238e-17 1.1350543977601838e-27 
4.7600591064653854e-79 1.9183553471272122e-20 1.9183553471272122e-20 5.276461350396828e-16 0.21744422767977084 0.00011838125980092771 0.7334942089391875 0.04894318212124028 
1.610045144283895e-54 3.297302082091378e-11 3.297302082091378e-11 3.104569150714357e-13 0.8376446944778863 0.005915160160200866 0.1557316161031152 0.000708529192541146 
1.139222416611683e-76 6.735718233216321e-16 6.735718233216321e-16 5.1931165486149986e-15 0.009529136623634794 0.10055410173781071 0.7878086044416538 0.10210815719689433 
5.5295726852759485e-68 6.042608150176865e-14 6.042608150176865e-14 1.2585326039964274e-09 0.12355251934958049 0.013348753872737961 0.8618388635697128 0.0012598619493151824 
4.807481831964551e-32 0.4999841061500942 0.4999841061500942 3.178769874910122e-05 1.062455219008693e-12 7.569383467900703e-20 2.3012601513090653e-18 4.347527889537386e-28 
2.4146981792515377e-95 7.685625355378292e-27 7.685625355378292e-27 3.393554752248313e-16 1.1363529877602442e-05 0.00037816741838356895 0.11485525862318978 0.8847552104285487 
2.74260440743934e-23 0.499999818308156 0.499999818308156 3.633836879238587e-07 6.112529099666695e-21 1.367126034549665e-28 4.596613333368982e-29 1.5060107137428682e-42 
4.84037165101227e-39 0.0003089042508139028 0.0003089042508139028 0.9993821914490838 4.928826808149149e-11 4.496925473717442e-22 6.471006791684528e-17 1.1853763416685583e-24 
2.220832337101671e-68 1.694797963512902e-13 1.694797963512902e-13 5.00001195055448e-13 0.008970717578086478 0.0002980893057837952 0.9738454116448565 0.01688578147043435 
7.863446360322026e-119 3.224252759165334e-43 3.224252759165334e-43 1.4010768540598203e-38 1.91382326290031e-06 0.00040289733047987056 0.049416286431290084 0.9501789024149672 
3.3820907123902624e-79 1.1680893578167954e-17 1.1680893578167954e-17 5.706932236543323e-13 0.011444594444899031 1.838148760993725e-07 0.9025475697082974 0.08600765203135669 
1.0 4.705755169949493e-26 4.705755169949493e-26 6.556563083516477e-33 6.103074736153953e-68 4.0392001093594054e-95 3.291527219708041e-86 5.2727082931162634e-110 
2.531833847694799e-20 0.4999997991825614 0.4999997991825614 4.0163487725400484e-07 8.373526379002984e-25 1.674110325816798e-35 9.402858143896822e-36 1.018057801497601e-49 
3.0326985593346276e-23 0.49995906938478746 0.49995906938478746 8.186123040055544e-05 2.454982261457746e-14 6.976581876878536e-25 9.558135031068719e-22 9.058938739880947e-33 
1.0 1.5746701128969586e-26 1.5746701128969586e-26 2.6614231875585276e-34 3.436210321998845e-67 1.440369858293335e-99 9.654574408375389e-85 3.05081905854573e-106 
8.626451166940104e-65 1.0700418165350511e-16 1.0700418165350511e-16 1.2631009026693575e-12 0.7358133108885758 0.0006517058350519047 0.2634340770354387 0.00010090623967030918 
2.014184374853392e-29 0.4999832703501783 0.4999832703501783 3.3459299078019355e-05 5.652105620908915e-13 1.1690668087261382e-16 1.248284847717144e-20 1.118137653072814e-28 
1.2302028614576619e-105 6.570299930891545e-42 6.570299930891545e-42 1.9772583482223008e-25 0.0028092566095893967 5.255430952177526e-06 0.9678668194380885 0.029318668521369932 
1.1562908898843037e-52 1.066123596826657e-14 1.066123596826657e-14 3.608803047428634e-13 0.9662474855376975 0.01906725133253628 0.014684701195810518 5.619335735195305e-07 
3.4074890511159635e-68 1.8198348362629228e-16 1.8198348362629228e-16 9.96058216526365e-09 0.6382903013246815 5.764019530407475e-06 0.361552581153905 0.00015134354130072437 
1.9627302995011913e-33 4.269098064064696e-05 4.269098064064696e-05 0.9999146178068881 2.3182654240430096e-10 3.573617607578477e-24 4.081343213559633e-15 1.3835299466844234e-23 
3.457987717896028e-68 1.5779990743274965e-23 1.5779990743274965e-23 1.6670154630741498e-20 0.8651023253025507 0.03819629121985629 0.08754516853274448 0.009156214944848572 
5.408410928108852e-83 5.267030891737484e-24 5.267030891737484e-24 2.908748539054769e-26 0.008907073683674821 0.9006184849281398 0.08356311708000184 0.006911324308183605 
1.2762095299703782e-37 0.499968545340229 0.499968545340229 6.27400995270519e-05 1.286920328818156e-10 1.6909132114783974e-07 1.883510128776938e-15 5.874458942571164e-21 
