5.577466466177851242e-192 9.599644779026719055e-25 9.778983919469700341e-30 1.000000000000000000e+00 2.928187897085569687e-110 7.983628853889672960e-127 1.156853548713615304e-110 1.017243255787708998e-127
0.000000000000000000e+00 4.352272214179667215e-177 1.058770380057847483e-174 4.499236079259304704e-146 1.000000000000000000e+00 3.023803972423763485e-34 3.694089939741188739e-30 5.186985820388092367e-110
0.000000000000000000e+00 7.191194016123077075e-179 2.845428652844364361e-159 4.335449801932368701e-142 1.000000000000000000e+00 7.214814520027726675e-34 9.286248327534386887e-31 2.125900874881562245e-137
7.343537765820056779e-159 1.313196059803794847e-21 1.569930851038777253e-20 1.000000000000000000e+00 8.068357998936897014e-110 2.260493239512012105e-128 2.182374116208661098e-106 2.246764376656424368e-125
1.945109508063631258e-199 9.999999999999994449e-01 5.582269745799346773e-16 5.082260043497511926e-29 1.390159399177346999e-116 1.009512661055069297e-141 3.011549543609151477e-81 6.072565078721549259e-81
3.411233727515466057e-191 2.565268879585884134e-46 2.359332400046273890e-21 1.000000000000000000e+00 2.829575216785677352e-159 7.412472039076030577e-222 2.196907418428137139e-154 1.629008411372858085e-155
4.136728513875299418e-79 5.970746132177797375e-20 1.512884474385816787e-15 9.999999999999985567e-01 0.000000000000000000e+00 0.000000000000000000e+00 0.000000000000000000e+00 0.000000000000000000e+00
0.000000000000000000e+00 2.712371486530984357e-84 2.343302907282075363e-102 5.815187942585404687e-81 2.773301925105397489e-107 3.034489581020489467e-30 9.999999999967739139e-01 3.226008933915879817e-12
8.902253179064941709e-147 1.398145974447297904e-31 1.000000000000000000e+00 5.472054148179719111e-41 2.754515087988671568e-85 1.810982373985196934e-115 9.122040608233807573e-101 2.863708953954886235e-125
2.414186213715708957e-301 1.135422003005211363e-118 9.274297545433548651e-128 1.861639282301068796e-126 1.000000000000000000e+00 3.819935341342274709e-36 1.813182106203373537e-26 1.100054019477468546e-87
4.011508210429917413e-303 1.306591075189308358e-143 3.094052509354820740e-145 1.432773770663197357e-118 1.000000000000000000e+00 1.024772794116574152e-32 6.733761727589064493e-47 9.581212433232068222e-80
0.000000000000000000e+00 1.815401436608849873e-219 1.828556172069181302e-220 2.185820469011971019e-171 5.226215018317319275e-71 5.259305225256152048e-43 1.954367215767914233e-42 1.000000000000000000e+00
0.000000000000000000e+00 3.862366326025551322e-107 8.340907128032851764e-123 3.499296588114111574e-110 5.556846994593340636e-56 1.000000000000000000e+00 2.272071864788814398e-30 1.902302764858052818e-26
0.000000000000000000e+00 1.358088854619450934e-151 1.367226182410530327e-166 1.541983182585374827e-174 4.315272773633416496e-33 7.714867619947470725e-43 5.219534311482821101e-16 9.999999999999994449e-01
0.000000000000000000e+00 2.201612425420185750e-195 1.114364035077755268e-199 2.557284005438213670e-226 7.784504653745731082e-57 3.270007168156582199e-54 9.706163684212908393e-31 1.000000000000000000e+00
1.000000000000000000e+00 3.438004570422835863e-121 8.409699395917736333e-135 2.350812202714299573e-187 0.000000000000000000e+00 0.000000000000000000e+00 0.000000000000000000e+00 0.000000000000000000e+00
7.026153481705440259e-276 1.929175846229028701e-92 2.480659127742671989e-118 1.993822641799872202e-92 9.999999995892567828e-01 6.427529513575723299e-16 4.100341783883380328e-10 7.083808662382670326e-13
0.000000000000000000e+00 4.720194989081806722e-147 6.921499467228859269e-174 2.976293856394771638e-155 7.673612405409401677e-28 9.999999971710425983e-01 2.828957301912966926e-09 2.264196563496479519e-69
7.820453133368341857e-135 3.895747100574931902e-14 9.999982165428361602e-01 1.783457124950948067e-06 1.353532387069602507e-41 2.258415585180618473e-82 8.785697939419228466e-61 2.592619520472823408e-152
2.819065493282147341e-143 5.066388280646002451e-13 9.999999999994934052e-01 1.741507456252157249e-28 5.289649934908436480e-50 1.139993094702526977e-125 2.169035088135225529e-68 8.681407632867347445e-153
0.000000000000000000e+00 1.180381836942186281e-90 1.353748498459082579e-132 3.197849103687607622e-107 2.940107206661908414e-64 9.015491267067570981e-76 9.976398336175649854e-04 9.990023601663824415e-01
0.000000000000000000e+00 1.935943574064748234e-118 2.280829893856671763e-147 5.009132346144423434e-149 1.333518425029175402e-152 1.269495110776050415e-21 1.000000000000000000e+00 2.233153560002065352e-20
4.906905990506367639e-145 2.478016866933472156e-62 1.000000000000000000e+00 7.804091054663239458e-18 5.847898620898541400e-76 3.149721867287314522e-105 3.059577130250933656e-121 3.642499606143953010e-206
6.687649624541140353e-262 1.049938820257843376e-17 1.000000000000000000e+00 1.779662039313252148e-22 8.878562265173588052e-146 1.050424880388313689e-102 1.257477481729052639e-105 8.050357871402208558e-166
2.009270825155028687e-165 1.982651408416180210e-37 9.999999999999998890e-01 1.039377378219071114e-16 7.670919012995585695e-124 1.396151298490870987e-134 1.100564536740186176e-121 1.794168068942848675e-133
0.000000000000000000e+00 1.173240950336017599e-166 1.173240950336046820e-166 6.691109724452710334e-127 1.410046288783108707e-58 1.424067179071770275e-46 2.779212143037716530e-25 1.000000000000000000e+00
9.693962895507965183e-133 3.333332975750324945e-01 6.666667024249673945e-01 7.623961057361094693e-23 2.190865931969951247e-241 3.656197788463133549e-115 3.109612201775622170e-47 6.131882034587045888e-75
2.773104559831782026e-112 1.726489774742621229e-16 9.999999999204953749e-01 7.950440339617533568e-11 1.070039709036855848e-222 1.562227085785906245e-80 2.787452083982989510e-46 1.517673967674792182e-89
1.000000000000000000e+00 8.153800839733917651e-181 1.105212175265820556e-195 9.907308420244084275e-209 0.000000000000000000e+00 0.000000000000000000e+00 0.000000000000000000e+00 0.000000000000000000e+00
0.000000000000000000e+00 9.093966377992246060e-111 1.033899548154483054e-29 1.000000000000000000e+00 2.303188363951380692e-206 1.371431863149178536e-282 1.335251196990131327e-152 5.813848641956320567e-202
0.000000000000000000e+00 7.130203955273855452e-238 1.948135468127483262e-202 2.823592680143133799e-118 3.761562877608507233e-101 4.028833081467351319e-120 3.010507045209792808e-14 9.999999999999698019e-01
0.000000000000000000e+00 3.671193623637742252e-163 2.712675310232967486e-96 1.184274709317925395e-65 5.473854682725011219e-79 1.506297014317565913e-160 1.000000000000000000e+00 5.291867351121853482e-41
1.398789127781737435e-109 1.397522739215254967e-06 9.999986024772606896e-01 9.007407211419609891e-54 4.713135456561798322e-195 1.052585731017679319e-218 5.280215816443626519e-226 1.935417075854020117e-244
9.988233061328032382e-136 1.584551026421170800e-23 1.000000000000000000e+00 1.219808353813242158e-33 1.463325312353758933e-120 7.985704457169780789e-165 3.099222602529857715e-167 2.231207255024102584e-231
0.000000000000000000e+00 3.027637025541198585e-110 9.074271985398317943e-110 2.361681965842436148e-85 1.720102849745919221e-18 9.999999999996120881e-01 3.878155774163648397e-13 2.459977410569915749e-81
4.286895756132720312e-112 1.803611875069505985e-16 1.259658328819795465e-13 9.999999999998739897e-01 9.984542103818066013e-24 3.310973263453652235e-68 8.596416381527202174e-56 1.285130789359526424e-118
1.548847462620120235e-11 9.999999999845115006e-01 2.278457289565560909e-18 2.479559934248214347e-34 2.485243296044566555e-112 0.000000000000000000e+00 0.000000000000000000e+00 0.000000000000000000e+00
0.000000000000000000e+00 3.985414989761950307e-150 1.835960584378590431e-156 2.053690410799337314e-105 5.107661373089332319e-153 9.999999998596265094e-01 1.998265102331840945e-17 1.403733800508816261e-10
1.000000000000000000e+00 1.448582281185912074e-17 1.185367003772824237e-24 5.024875984777045510e-63 8.798786885121911811e-110 0.000000000000000000e+00 1.221015981618335794e-148 0.000000000000000000e+00
0.000000000000000000e+00 5.343564094975024553e-65 2.600086597065461278e-73 2.083573088412265129e-22 1.473205191886709059e-116 1.000000000000000000e+00 4.005335059858573113e-23 7.211942199020828848e-20
9.547445773792569000e-203 3.100738255420099115e-50 4.909630563156524593e-69 1.664907811169309517e-102 1.000000000000000000e+00 7.027989148745328923e-59 2.238745967528933687e-22 2.780303629753715794e-34
3.156119547045869888e-240 3.715163443493476770e-79 1.335062125757877705e-81 3.209013687587981667e-76 1.000000000000000000e+00 1.946943754015953337e-54 1.515223735386460707e-37 9.491424918265371082e-72
0.000000000000000000e+00 1.065210013562106115e-88 1.775632523201070679e-87 2.729193515069315316e-96 1.765302009632629676e-01 8.234697990367370046e-01 1.356800752218624872e-31 1.278305194874511580e-47
2.744399494894754395e-119 1.000000000000000000e+00 1.451953381167854545e-31 6.057545515481972530e-79 4.712324281968443024e-61 6.524336273948923337e-57 7.936062108654736688e-72 3.942196367932619695e-91
0.000000000000000000e+00 9.037238215767587112e-113 3.990403962498133543e-117 1.848430808969901512e-105 5.122883687812813469e-18 9.798537330276005507e-25 1.000000000000000000e+00 1.291411576532479327e-25
8.927818507752302570e-301 2.287798714803316526e-127 3.465213032948140020e-142 2.977057588191883491e-127 1.000000000000000000e+00 7.164065404279666727e-60 4.945111169409904995e-20 8.750455783769471480e-36
4.696191459458018887e-277 8.854977492691040796e-73 4.411309178661592936e-91 1.023826208755142605e-89 1.000000000000000000e+00 1.710164499106208635e-50 1.403619877516102588e-18 3.121434515548355975e-32
0.000000000000000000e+00 8.374550537568970841e-89 1.110436194282540431e-112 9.894772849185473752e-116 1.252822452897369748e-19 3.197513958933373307e-46 1.000000000000000000e+00 8.909496683610492287e-33
3.252910948347545752e-206 9.926123784960136920e-01 7.387621503986322759e-03 9.367237929307892886e-44 4.023681415713568295e-245 1.333273032466146664e-198 1.372717130249735220e-231 2.138882113369491211e-273
0.000000000000000000e+00 2.958708433387108546e-147 7.300215648545960087e-151 4.241566515345282928e-162 7.352886944171806570e-185 7.002382542780935217e-06 9.999929976174573021e-01 8.799840419151031628e-45
0.000000000000000000e+00 1.993785204104940053e-234 1.242023895368688363e-224 6.401297777088537420e-177 9.032427066293942557e-204 3.921363201492240689e-25 1.000000000000000000e+00 1.717831904273178969e-58
2.187008469758288338e-216 9.982192775539867613e-01 1.780722446013154351e-03 1.581157792047281213e-19 1.868084128095498733e-217 7.063256545700249015e-214 7.280821462243390059e-190 9.442696163034446742e-232
0.000000000000000000e+00 2.849133553267241868e-183 1.151003100557965476e-219 8.999653839505760748e-139 6.590851075246003695e-09 8.102609743686989281e-57 9.999537636163828846e-01 4.622979276605831245e-05
0.000000000000000000e+00 5.543561804847670042e-158 9.692777708397470664e-187 2.982816821241675126e-132 1.637419838289271389e-14 2.945313810583348817e-35 9.999999966011506869e-01 3.398832975719047897e-09
1.000000000000000000e+00 4.994889660402160547e-120 1.210454365836462394e-126 1.256354047863606184e-199 6.809583534040758639e-281 0.000000000000000000e+00 0.000000000000000000e+00 0.000000000000000000e+00
0.000000000000000000e+00 2.406847924022736646e-60 1.543037036413561207e-81 1.813164698263169955e-63 9.999977116426820301e-01 3.468735973359514562e-19 2.288357317865247166e-06 7.882140164021472534e-21
1.000000000000000000e+00 1.402949818271574572e-104 1.066886370770732687e-109 7.575566550560672349e-159 7.677391044410466318e-212 0.000000000000000000e+00 0.000000000000000000e+00 0.000000000000000000e+00
0.000000000000000000e+00 9.747176446429195579e-182 2.607997013710804641e-167 8.504099151067012255e-181 5.959468114665484145e-30 1.000000000000000000e+00 2.459837110325452753e-31 3.772069389573084899e-41
3.639265279191158116e-210 5.207929436899063833e-03 2.189843558392839609e-11 3.521475422190751555e-05 9.947568557868754491e-01 1.051130455370732223e-13 1.546548733847624538e-21 1.834291352831062538e-43
0.000000000000000000e+00 7.106444215425779637e-110 3.838341939956705602e-96 2.182089645187032877e-100 2.741554837929885697e-17 1.149744195378092321e-08 9.999999885025580015e-01 1.129910553878512043e-33
0.000000000000000000e+00 5.693985808377199638e-186 8.416207224946930506e-171 7.296312415967107178e-149 1.931900477261634900e-45 1.000000000000000000e+00 6.277664961541196940e-25 1.107361197644445531e-114
6.506631460578309013e-251 1.518095585101235840e-42 1.074528457002244735e-53 3.267488400929958207e-67 1.000000000000000000e+00 2.213353863774020900e-41 1.102604659806461629e-38 7.739027887102532230e-41
4.950024748014977566e-127 4.627513315161593338e-05 9.999537248668484146e-01 8.243352285216942714e-53 4.858794266954594119e-71 4.470756225866629381e-118 3.027880550410835059e-97 5.322203025861450986e-107
0.000000000000000000e+00 9.240660929129873069e-115 2.848845996781192122e-107 1.140048511091139048e-111 7.651706454557025986e-30 9.999999999999957812e-01 4.164769208079848829e-15 2.177300241083233211e-78
0.000000000000000000e+00 1.764874397775320149e-163 1.206402591039605753e-179 2.670899656887358390e-159 1.534675510497079985e-21 1.000000000000000000e+00 1.662915321794453108e-30 9.130832523830858270e-33
0.000000000000000000e+00 2.554506861800254661e-143 5.226132028966991756e-162 1.621983157163044543e-150 1.000000000000000000e+00 9.180331121709251804e-39 1.265523716628759077e-51 1.160996018837310663e-64
5.844464985724496393e-304 3.738243517517494508e-102 3.249383106490254817e-114 3.106380582226416353e-106 9.999999968220847357e-01 3.104635593908149783e-09 7.327981660484812689e-11 6.307501919280967603e-18
0.000000000000000000e+00 3.699404065612083533e-175 2.447394904338416979e-174 1.418918126319318135e-146 1.081126000731996480e-42 5.887579844371914564e-12 3.700264575162045707e-25 9.999999999941124873e-01
0.000000000000000000e+00 9.895548232840884411e-115 1.388505353714891526e-126 5.215565616632688759e-85 8.534046967915514900e-23 5.389002669820633642e-20 9.999995979109866928e-01 4.020890132849135499e-07
0.000000000000000000e+00 5.398499101194439578e-110 1.235343303188082395e-140 2.447871300347689155e-103 3.777779577996008193e-31 5.818304816275753083e-28 2.302905148551521588e-21 1.000000000000000000e+00
1.836333639850787893e-225 2.205463890102057911e-43 2.283600212411623265e-62 1.136208563699363207e-53 9.967217357109946496e-01 3.431998244962164114e-11 7.601565330878130465e-04 2.518107721597547671e-03
0.000000000000000000e+00 5.498545175970216536e-113 1.214395677729363997e-97 3.197112581828473289e-98 1.207795760596185723e-05 6.306368760205122215e-06 9.999816156734487871e-01 1.849983559821367433e-13
1.105770399401962891e-95 1.994432079667779531e-16 9.999999999999997780e-01 4.941588252803708794e-28 1.117270260464274866e-99 1.613193646109411772e-129 8.721097341836124306e-128 5.022603024069430869e-166
0.000000000000000000e+00 2.001552930675833538e-182 5.699044139098829070e-207 1.350967777195861471e-174 1.854467218573384582e-55 7.205337350871670729e-49 3.932433926797193547e-13 9.999999999996067590e-01
0.000000000000000000e+00 1.634065593959283309e-253 1.417971469706236296e-245 2.117805178138127221e-190 8.797588256916108462e-19 9.999999999458073496e-01 7.251134830676342959e-13 5.346766222923252897e-11
1.000000000000000000e+00 2.026852864778878917e-137 8.235097261744288014e-138 2.087765867213531954e-188 1.037608698543877606e-261 0.000000000000000000e+00 0.000000000000000000e+00 0.000000000000000000e+00
0.000000000000000000e+00 3.889954428542445168e-139 3.889954428542225893e-139 3.647462097024146530e-96 9.114651334833110459e-107 5.307359145420737098e-84 9.069942621047660872e-34 1.000000000000000000e+00
1.000000000000000000e+00 2.783363827130221083e-119 4.837347393476333427e-125 5.152220325498686288e-174 0.000000000000000000e+00 0.000000000000000000e+00 0.000000000000000000e+00 0.000000000000000000e+00
9.435038440491201599e-205 5.628742743486595642e-40 9.999999999999366063e-01 6.332965813625921687e-14 1.660355747624515320e-263 1.441746016700351660e-234 5.268325299061895552e-205 3.811685314551011275e-237
1.400355302130919149e-269 5.652452400483008939e-14 9.999999999999434896e-01 1.166391776589726664e-31 4.589118522641422171e-228 6.620284829330731689e-215 2.230499227246837980e-171 3.094778886631010569e-206
1.000000000000000000e+00 6.441918915658895313e-104 1.623327793242458882e-111 1.258152640854254762e-183 9.086731163483837780e-274 0.000000000000000000e+00 0.000000000000000000e+00 0.000000000000000000e+00
0.000000000000000000e+00 2.891410250346215420e-215 2.974929152169284908e-225 1.100867405006810146e-225 2.410896983163986670e-42 1.000000000000000000e+00 3.936739804226450828e-35 6.580314939227477172e-78
0.000000000000000000e+00 2.512894627580080283e-208 7.538403459438607013e-228 1.078583839953360732e-220 2.059056854237948471e-32 9.999393563566463250e-01 6.064364335365085920e-05 3.558793020949005444e-77
2.039376779145670898e-140 2.909533635569889565e-17 1.000000000000000000e+00 5.533966075625558418e-68 1.051268324649168185e-117 7.313784578677342227e-133 1.882889068621373972e-118 0.000000000000000000e+00
9.437276827704680714e-297 3.325916569349467016e-99 3.325916569348519653e-99 1.200476514910092939e-96 4.797933724099647391e-227 3.087349272364828209e-67 2.163932460643830023e-09 9.999999978360675223e-01
6.681672877526269399e-228 1.518120869219140085e-05 9.999848187913044084e-01 3.504496019168271976e-15 1.911245696298725996e-166 1.199112963907984490e-90 5.591145805837056576e-109 4.338264955581173279e-200
1.465541455576529809e-146 1.323159712801388641e-24 1.000000000000000000e+00 5.376999268502257866e-28 2.161130965272449704e-135 1.579209304388815889e-151 3.164221483133100672e-166 2.750578711797405811e-171
4.055863900529243214e-84 3.306773184729171200e-02 9.669322681527082741e-01 1.220577774135041827e-25 1.083918730284206698e-105 7.058157817757129940e-127 7.839078110936189020e-132 1.658820146120531030e-232
0.000000000000000000e+00 1.179183154670200784e-115 7.640290894358926044e-132 2.025242039871582626e-129 2.449387500123341544e-36 1.000000000000000000e+00 2.361006579384541951e-36 1.175758224416793707e-31
6.519355480415018333e-305 9.666273577832594276e-136 7.395556811420156406e-128 1.812088470139060140e-126 1.000000000000000000e+00 1.461115152825328202e-38 2.933893302971914594e-33 4.123847583369369322e-58
2.342726777026134747e-260 5.467277158335830821e-102 1.168123187080439054e-116 3.657176485798917658e-120 1.000000000000000000e+00 1.273747512796443574e-34 9.039910425082996313e-19 6.775443558810990277e-60
0.000000000000000000e+00 1.007858196762195588e-120 2.688976723204903261e-121 1.669949020717662027e-107 1.613226319480617899e-03 4.323752077977359259e-14 9.983867736804761250e-01 1.651088974834572917e-63
6.038337514614411166e-203 4.361977675963090694e-68 5.032773605229003427e-27 1.000000000000000000e+00 3.124387963034198052e-67 3.459707185922712790e-111 8.341978597118027949e-109 2.567616479905447457e-156
0.000000000000000000e+00 6.970955987250031221e-57 8.472021275082766445e-97 5.559069577436579880e-76 2.404154745974813940e-54 1.361665142515719088e-69 9.999495229609888236e-01 5.047703901114312979e-05
1.647815455613666816e-130 9.989184241606241521e-01 1.081575839375762457e-03 7.974499267463350325e-30 1.125811584106953732e-36 6.857460249836469527e-84 3.316541174083614964e-72 5.714931213149599749e-109
0.000000000000000000e+00 1.217245986232076621e-114 2.889816867363552058e-118 7.936178239765791719e-61 9.999999999999937828e-01 6.203026371212176292e-15 1.299939528968990555e-27 5.657893127428873502e-49
0.000000000000000000e+00 1.443979900740740860e-179 9.503317487442774205e-154 8.032480670491933308e-127 1.700514749818190453e-197 1.128977484282278226e-58 2.990760833824181869e-03 9.970092391661758979e-01
1.000000000000000000e+00 3.374277959627989850e-208 2.630318825280851850e-208 2.023705274852425742e-278 0.000000000000000000e+00 0.000000000000000000e+00 0.000000000000000000e+00 0.000000000000000000e+00
9.767984218949242188e-173 3.897071780221177909e-31 1.000000000000000000e+00 2.629389139000375457e-123 0.000000000000000000e+00 0.000000000000000000e+00 0.000000000000000000e+00 0.000000000000000000e+00
1.000000000000000000e+00 8.281022611712887477e-198 1.241148885128120234e-171 0.000000000000000000e+00 0.000000000000000000e+00 0.000000000000000000e+00 0.000000000000000000e+00 0.000000000000000000e+00
1.000000000000000000e+00 6.177953996988559566e-42 7.451393145417415452e-60 5.210881000890677487e-86 8.866656361375007718e-199 0.000000000000000000e+00 0.000000000000000000e+00 0.000000000000000000e+00
0.000000000000000000e+00 2.420607000898730239e-243 1.677490279216239278e-217 3.735816384160275379e-252 1.585226336313918667e-234 1.031079862724658215e-82 1.832259572940593645e-08 9.999999816774043371e-01
6.120192225129823692e-44 9.010994806133638679e-01 9.890051938663625697e-02 3.601830471024076928e-39 0.000000000000000000e+00 0.000000000000000000e+00 0.000000000000000000e+00 0.000000000000000000e+00
0.000000000000000000e+00 1.125761325143094681e-35 1.000000000000000000e+00 3.185534588773151353e-30 2.889385976577170475e-235 0.000000000000000000e+00 2.835861655031034541e-166 1.706046069646429589e-201
2.363606118710235804e-95 1.000000000000000000e+00 1.539029729675771038e-20 1.410402298215010510e-48 2.713231792991612194e-191 2.718649394424729347e-206 3.126996081841754398e-152 0.000000000000000000e+00
0.000000000000000000e+00 1.434001390932448502e-27 7.170025456934379461e-28 2.307306311822974749e-58 9.999999999999925615e-01 7.362133753205005086e-15 6.096152071420322751e-29 7.249637400544821108e-81
1.293125115895640656e-230 9.999999994770906175e-01 2.746166838960894162e-16 5.229091463047828313e-10 4.681448243281280484e-87 2.025814120697982771e-119 2.545814378391171314e-37 3.331967019593514245e-59
1.000000000000000000e+00 5.280300272333883498e-112 9.421233795873814141e-67 6.858391339149396848e-85 8.260776483892192832e-188 0.000000000000000000e+00 0.000000000000000000e+00 0.000000000000000000e+00
0.000000000000000000e+00 2.039281165595319456e-96 6.782491374588647240e-77 6.661809222050951376e-49 2.026785212444098448e-25 3.274617529594222628e-35 1.000000000000000000e+00 2.481957828316418404e-68
5.530528240388501516e-168 9.999838351464531705e-01 1.371462725980386381e-10 1.394344097838789152e-05 8.475668612541460459e-205 8.013469108127213462e-39 2.221275421058995324e-06 1.295615302801679536e-15
4.230774305269159294e-127 2.923036063248506364e-08 9.999987694603555966e-01 1.201309283720380288e-06 7.316996083484027591e-129 7.808548220553667964e-180 5.003140478660908947e-166 5.950163902014258458e-198
8.955146286006554792e-145 3.157788468156827686e-25 1.000000000000000000e+00 2.979892507857184147e-30 2.324410714256465563e-249 5.218840873115127314e-134 4.238464947456494838e-88 1.111607783858173991e-116
7.133394328227495597e-166 3.217018775789408244e-12 1.242942052995363836e-24 9.999999999967830178e-01 3.494693358244492200e-148 5.916616089000115368e-181 3.586621201208736692e-124 0.000000000000000000e+00
1.076080915260396637e-109 1.000000000000000000e+00 1.693989440956141651e-21 4.578784103705337987e-37 7.305318399257030127e-207 9.446106066186325510e-227 2.299628955542791015e-128 3.399349430998231598e-157
0.000000000000000000e+00 9.361243324210494737e-125 1.042390350434714131e-112 1.024679674161159912e-104 4.066645053365860116e-07 2.062158890585351414e-34 9.999995933354947075e-01 1.107609479857174527e-48
6.410718929947435308e-142 5.444243507022173646e-19 3.126007747840002515e-02 9.687399225215999055e-01 3.805702218477066031e-97 1.279270122556902564e-144 1.855603224136585628e-96 1.797600987804027339e-121
0.000000000000000000e+00 2.030544249790098179e-114 6.787626776444783459e-77 1.586275376079101879e-83 3.246591056193960453e-174 8.555241851083749751e-16 9.999999981224722001e-01 1.877526961353024220e-09
1.699476187888418726e-213 2.717043547020745339e-29 1.000000000000000000e+00 1.184861398807140820e-33 1.534268979531884788e-199 1.234371347891757231e-183 5.059273325796343839e-161 0.000000000000000000e+00
0.000000000000000000e+00 9.807963861338072254e-139 1.878668337585238321e-82 2.682329743103676187e-82 4.073434181939154657e-42 1.729185375218349669e-31 1.119851249074879450e-07 9.999998880148750491e-01
2.746117105470895615e-177 6.243274335305082029e-45 9.224276288977169163e-28 1.000000000000000000e+00 1.119252386490893771e-55 6.026237631982707994e-153 4.480725131207246691e-101 1.023913787123220195e-138
3.965753942417921546e-298 8.948916916664223831e-134 1.385284255569116313e-134 2.222820421591137190e-141 1.000000000000000000e+00 1.227227563762600882e-35 3.226448666238139777e-21 1.567974155307831727e-38
9.991278891186761489e-231 2.357433837752654111e-90 4.165230965789136018e-85 1.668585124305562158e-96 1.000000000000000000e+00 3.417133165415428138e-44 4.985155439700104405e-46 5.237774216097581951e-68
0.000000000000000000e+00 3.784295135063526151e-100 4.972548817199547054e-95 3.785991323414419816e-79 3.673377534155555554e-30 3.400904047513220951e-08 9.029030082798578621e-15 9.999999659909504235e-01
0.000000000000000000e+00 2.971428294269191689e-123 1.203327157869824750e-116 1.188294050446334961e-98 1.375429274921127976e-37 2.374027989234562441e-25 8.512087619769021990e-17 9.999999999999998890e-01
1.000000000000000000e+00 1.760335178100343393e-209 7.016826778704988519e-227 0.000000000000000000e+00 0.000000000000000000e+00 0.000000000000000000e+00 0.000000000000000000e+00 0.000000000000000000e+00
1.000000000000000000e+00 7.050165798208399585e-237 7.311369375709602158e-274 0.000000000000000000e+00 0.000000000000000000e+00 0.000000000000000000e+00 0.000000000000000000e+00 0.000000000000000000e+00
2.976369648294799738e-207 1.459120730388555379e-31 9.999999999995494715e-01 4.505813519393648374e-13 2.461855918693124951e-106 5.883839637800840098e-159 1.352256302333729595e-145 2.591934129018761102e-200
1.366769792613982537e-245 3.249802693974714384e-09 6.283511769347841472e-09 9.999999904666854178e-01 1.727668129375095488e-112 5.544884735675550967e-188 2.005671111267979001e-186 6.355500181607756462e-252
0.000000000000000000e+00 0.000000000000000000e+00 0.000000000000000000e+00 8.873421737615307273e-176 2.227157664128075816e-35 1.000000000000000000e+00 2.947283949983343831e-46 6.818351712160863104e-40
2.016881417423993358e-286 2.649508935450420683e-99 3.163660590755814265e-108 8.713811844294840331e-121 9.999999984216799698e-01 2.299013685551985249e-25 1.578319955859617767e-09 5.920415050521247288e-24
2.090338206433615868e-291 1.743477232240379218e-143 2.227298783951699352e-143 3.316839837892632578e-146 1.000000000000000000e+00 1.403512128686970478e-41 1.404472293235789713e-24 3.315616425703192855e-69
0.000000000000000000e+00 3.002813784963794708e-114 1.368248705879233334e-119 1.744681950013816480e-101 4.212393994586802957e-47 1.000000000000000000e+00 2.271937042151189644e-43 1.708824611713038062e-28
0.000000000000000000e+00 1.940611583474550461e-114 7.823409536938801880e-141 1.397667737716954954e-116 6.791456164893212690e-84 2.447053562180691869e-89 3.219354135802038011e-11 9.999999999678064189e-01
0.000000000000000000e+00 6.036026655234760743e-112 1.280976532732395629e-99 1.057280144373216112e-52 3.949223999172819017e-07 2.707350215309098041e-24 9.999996050776001066e-01 7.947577137651481258e-26
4.547712255460844383e-210 1.355844654823928580e-71 2.390215860968881431e-07 9.999997609784138097e-01 5.574993685031799410e-73 5.469644005197501849e-90 2.517491155954189029e-104 2.801686298375582482e-138
0.000000000000000000e+00 1.469410644994859888e-92 6.808961086613438711e-58 1.176538782910939086e-42 3.648988550039965867e-04 6.824847959702149952e-06 9.996282762970363223e-01 1.073022899481946357e-20
2.323948949543573353e-233 9.999999999999960032e-01 4.074744777432658840e-15 1.552725288366315340e-23 2.563755877618405399e-198 5.059245323427965873e-218 2.560228818635918233e-216 5.052331936097836527e-256
0.000000000000000000e+00 1.327390886017354447e-225 4.561432340776282195e-228 3.619021125908439524e-254 9.511496002192663421e-195 2.922792528238875659e-31 3.352355357386740118e-14 9.999999999999664713e-01
0.000000000000000000e+00 4.026386233947706247e-197 9.293352413709114052e-217 1.434591606670629448e-158 7.440080204674605288e-17 7.247890439573827415e-19 9.999999999999998890e-01 2.613271791200747549e-33
1.000000000000000000e+00 6.200383464952381101e-123 4.112502840169299236e-126 1.281651519112657872e-175 5.729599687356791115e-297 0.000000000000000000e+00 0.000000000000000000e+00 0.000000000000000000e+00
0.000000000000000000e+00 2.259286300137870317e-116 7.531576778161513120e-130 1.731260578807119629e-136 7.770995816025015228e-98 1.845355386735398894e-84 7.297009534504065372e-25 1.000000000000000000e+00
9.496397372735342389e-287 4.630545486479227549e-116 1.714054275738682788e-84 2.398676467583675268e-67 1.000000000000000000e+00 2.995934903383250503e-28 2.563773019484905767e-28 1.013904503973529226e-53
8.479118615334022432e-146 1.903185274319117105e-58 2.244584933277802862e-13 9.999999999997756239e-01 7.819000691988939316e-92 4.293277285880785832e-216 2.627309519708038150e-139 7.028389446685253743e-177
0.000000000000000000e+00 4.344667390842721108e-160 1.403851257190898794e-145 1.227266189767317119e-107 1.005960637153750770e-15 2.331380159720061812e-08 9.989127951053043963e-01 1.087181580893152805e-03
0.000000000000000000e+00 6.950139440515630665e-115 4.613436354991387535e-104 6.988295019554681453e-79 9.999999999999906741e-01 6.207166609773718838e-41 9.376933809087048126e-15 1.029820033864818984e-41
1.000000000000000000e+00 1.879553307263795910e-131 1.271551769759968963e-127 3.884922606005015718e-197 3.701903129071889401e-240 0.000000000000000000e+00 0.000000000000000000e+00 0.000000000000000000e+00
3.288650481265483008e-165 1.199830093441819848e-15 1.968361159652827974e-04 4.588610135841405584e-27 4.892918719946315273e-39 1.006420608353189778e-67 9.998031599811898484e-01 3.902843542301673263e-09
5.400394747594713963e-251 5.787316236036099033e-19 4.371765955757333080e-07 9.999995628234044087e-01 1.293838174400059104e-40 1.407998911201415054e-112 1.615006456206951292e-72 3.437373578980779077e-119
1.000000000000000000e+00 4.950718933718193375e-130 1.663165182972159641e-139 1.061012466516848615e-174 6.705218639561564794e-283 0.000000000000000000e+00 0.000000000000000000e+00 0.000000000000000000e+00
0.000000000000000000e+00 4.286618652186047757e-108 5.974303392726031409e-119 1.854236679827643123e-124 1.821334761316546136e-31 1.859853225373621731e-12 9.999999913153132525e-01 8.682826942606395970e-09
0.000000000000000000e+00 2.024360675843352445e-164 1.244621708788187270e-173 5.781913671288096297e-169 1.365451868055719939e-46 9.454772408140131131e-19 9.999999992349740685e-01 7.650258954626373690e-10
0.000000000000000000e+00 3.891111708752241938e-158 4.502128289777303295e-173 2.797705306533045427e-136 2.781712959738368615e-50 2.555709348602293322e-39 9.847586913300000670e-07 9.999990152413086308e-01
0.000000000000000000e+00 1.635339837484336483e-117 5.861638039792632061e-127 1.006731266047434400e-115 9.999987227359360409e-01 4.379979779773146808e-25 1.277264063922227462e-06 1.596277759454302784e-74
0.000000000000000000e+00 8.533922507391396406e-99 5.556620087244917235e-136 2.046135968113799249e-133 3.708905034390484905e-15 1.417795610025897360e-42 9.999999999999957812e-01 6.346846713708546127e-16
7.068381006319484581e-133 3.939054270332164633e-03 9.960609457241680342e-01 5.499834128316730876e-12 1.219977173618106582e-52 1.574158011573805686e-82 1.554161986578531373e-60 6.005061591078430014e-90
0.000000000000000000e+00 5.773472209059512122e-103 1.951190444619290396e-123 5.819009939605427041e-110 9.999999999839607190e-01 1.299579836194999032e-25 1.603914301428985201e-11 7.492982370629130544e-19
4.515991210200740991e-257 6.780295329341927680e-70 2.103294366451792812e-72 1.839063715311785638e-76 9.999932541224828553e-01 4.901589402840986051e-27 6.745877517222636408e-06 2.069464468580017599e-20
0.000000000000000000e+00 1.171639246756961062e-154 2.539665377309308592e-158 2.423276114240373900e-129 8.004997051460178703e-01 1.294446286072561504e-23 1.995002948539822130e-01 1.164651331418073514e-19
0.000000000000000000e+00 2.947473479072708735e-192 1.224071413494735422e-195 2.231185582689990432e-185 1.010780572191050528e-212 4.161219612703671075e-05 9.999583575642483346e-01 3.023962457070383117e-08
2.236626048586097871e-266 9.999489915404975449e-01 5.100845950216809652e-05 3.127178602878669031e-16 1.442818162246363959e-250 2.773617470852248975e-190 1.068557034695082721e-210 0.000000000000000000e+00
1.000000000000000000e+00 4.719445064928416737e-134 1.770674912228291584e-139 1.963240205176741698e-243 1.794833062701339187e-297 0.000000000000000000e+00 0.000000000000000000e+00 0.000000000000000000e+00
0.000000000000000000e+00 5.300952678550460965e-176 2.939302730224993071e-184 6.447470379521500291e-190 2.335130580642157486e-32 1.000000000000000000e+00 3.051223613464661964e-33 8.974215114188501691e-45
0.000000000000000000e+00 0.000000000000000000e+00 0.000000000000000000e+00 1.057848881338737646e-280 3.564616857922034731e-25 4.824014437672014544e-01 5.175985562327984901e-01 1.369155285960643415e-49
1.001563350786352061e-92 6.173006710864092092e-10 9.999999993826994560e-01 2.356672781163778600e-42 1.459988425633704701e-137 2.845877679595006074e-139 9.157114658422610368e-154 7.454080877921548929e-190
1.623980901056675394e-86 2.846402986891532030e-92 7.996976868168037885e-20 1.000000000000000000e+00 4.426029099956289652e-166 5.897590624212299657e-151 1.004950982191543678e-110 1.510813654796468839e-141
0.000000000000000000e+00 2.293514018520972050e-94 1.733305055432202600e-106 4.177249565357818591e-52 3.248101008682350408e-103 1.085531730444688322e-252 1.000000000000000000e+00 6.023542550635983861e-27
1.381301440563922799e-45 3.975244618661611773e-31 1.000000000000000000e+00 7.725398961115856479e-53 0.000000000000000000e+00 0.000000000000000000e+00 0.000000000000000000e+00 0.000000000000000000e+00
8.917892180667394975e-01 9.676769163584852277e-17 1.082107819332604193e-01 9.157155158219762843e-70 4.354102651817332547e-149 0.000000000000000000e+00 0.000000000000000000e+00 0.000000000000000000e+00
0.000000000000000000e+00 6.357602940835948770e-128 2.602711578023637825e-136 3.532493798789474701e-130 1.130335713006510897e-37 4.166378735395778394e-18 8.490595157232197431e-12 9.999999999915094584e-01
4.352201543003339259e-310 1.578612051335585245e-87 2.160945828033483753e-92 1.647488574641921245e-90 3.535519631738456123e-22 9.999981661549897094e-01 1.833845010334931787e-06 4.057176439439982333e-17
0.000000000000000000e+00 7.744251174049943586e-197 1.287466092993417162e-202 1.688483071533243741e-156 1.895630293874662814e-36 3.192954438607795270e-25 2.669510838153295051e-12 9.999999999973304687e-01
2.168485118793843249e-298 1.656474198366003391e-68 3.019704799494524442e-72 1.879483865699545994e-74 6.774896829914105422e-18 9.619169803392773434e-10 9.999999990376911008e-01 3.919002308202316166e-13
0.000000000000000000e+00 3.660177996273839104e-65 2.582378207174126907e-83 2.084692329491159760e-72 2.042852456097011751e-63 9.999999999999716893e-01 6.047918015526980945e-29 2.828676085005019009e-14
0.000000000000000000e+00 2.022685926722410486e-176 1.684514271010808046e-177 1.219998501497318419e-159 8.423842830345802258e-19 2.214144233186159762e-10 9.999999997785855577e-01 8.228446293699558585e-26
0.000000000000000000e+00 1.327229222930342628e-60 4.238752149411123975e-70 9.183388344962299716e-48 1.407224894466625618e-172 2.100715648395707623e-08 2.620903015820915116e-01 7.379096774107520851e-01
8.415876455699269500e-241 9.999999999990031307e-01 9.969033073919842414e-13 2.620940790625617543e-34 2.224626125214018526e-203 3.436628585730157719e-188 4.464834705589630615e-234 2.984885440203999159e-260
3.206990295985237722e-105 3.288278353351934413e-01 6.692872289996296686e-01 1.884935665176971139e-03 1.125680740777531676e-147 4.867473012273573593e-171 1.021397342285851445e-176 4.492116468902201382e-202
2.240331349135183353e-131 3.332818386507075958e-01 6.667181605056641258e-01 8.436281774553880915e-10 7.535404063006131453e-114 1.313667669938063346e-138 1.001961812602711692e-93 1.485786715651727253e-117
7.754118900124262617e-170 7.389628640347037749e-32 1.000000000000000000e+00 7.091502564169787761e-22 1.710775563198394965e-119 7.334437360096910207e-124 1.414180168578417842e-141 1.437757134503934180e-166
3.026315695641569002e-128 2.852792423550873792e-14 2.859734484366153663e-14 9.999999999999428235e-01 3.572728307406257000e-112 8.258866423978457454e-210 2.155037424394466572e-156 7.110971566783866550e-185
6.521549311844385099e-173 3.068126404115197457e-27 1.000000000000000000e+00 3.538133241864165192e-17 1.165262022233487878e-114 1.622637638880670711e-114 3.600362058889390259e-103 2.415682027461815793e-105
2.074287374670773821e-128 4.340883437433081714e-33 1.572705472502797963e-17 1.000000000000000000e+00 2.733837450247298534e-59 2.495232173858299387e-126 1.468364229521324608e-101 1.655390791784203996e-143
5.988807806884669384e-201 7.638579848351518473e-52 2.893036356220253102e-54 6.346733715849331512e-29 4.257870162815027454e-14 1.508299694942988777e-64 9.999999999999574785e-01 2.918313171032744170e-58
6.668378472408069117e-198 1.143935168234713743e-43 3.260181421691829993e-36 1.000000000000000000e+00 4.093981536877598589e-27 3.396376395721491794e-94 1.005175867051839090e-58 6.919546908224791264e-107
2.033912346267618460e-157 1.000000000000000000e+00 9.342657125687106166e-22 4.478695318966479753e-20 1.366477939891151735e-43 3.796793317295458248e-92 1.244097049987547619e-65 6.087837489338405972e-154
0.000000000000000000e+00 0.000000000000000000e+00 0.000000000000000000e+00 1.160762395788877656e-51 1.000000000000000000e+00 3.128637480040826613e-48 1.916174755716075316e-33 1.536795740698515199e-47
1.479333316705740268e-141 9.999999999772000159e-01 2.279998198118307964e-11 2.657016897160747113e-17 1.621338095398581419e-28 3.703438265108148284e-58 8.237933970921910152e-50 5.336654412564795190e-130
0.000000000000000000e+00 2.141903106125130898e-132 5.227777487052711946e-122 6.208676347064696606e-65 1.000000000000000000e+00 4.102681380899732622e-25 1.066077475583374143e-20 6.929891203710889732e-43
0.000000000000000000e+00 3.638212666354334212e-186 4.689547874728894404e-184 1.330011172476122270e-157 1.956800050722818281e-25 9.999999999962797537e-01 3.720226006141605926e-12 4.619673192579874622e-78
1.019183114394339073e-140 9.999999999999966693e-01 3.319559595394234737e-15 5.234156209357593526e-52 8.599316832872335529e-73 1.187383726396472652e-98 1.059333828081229975e-85 3.953178410055813630e-122
0.000000000000000000e+00 2.064857861263178852e-103 3.311133463398298702e-120 4.228086266022326498e-144 2.234401755819633863e-23 9.999999999986179944e-01 1.229223013328730490e-23 1.382006019924226106e-12
0.000000000000000000e+00 2.888903667745316020e-184 6.985282557232757556e-190 3.324592068640163484e-233 1.155462974955179304e-34 1.000000000000000000e+00 1.925921759361081479e-27 2.743862527622419961e-30
0.000000000000000000e+00 1.013586654985128311e-230 2.560898019140641685e-197 1.369833353826598111e-213 1.646106125954946055e-192 1.000000000000000000e+00 3.372355144838148005e-43 1.003920340642596436e-79
0.000000000000000000e+00 1.901943150051527034e-27 1.145629542178595444e-24 1.000000000000000000e+00 3.722553051816933384e-223 1.037285528412851190e-195 8.733480195282177542e-173 2.784710444007623066e-187
0.000000000000000000e+00 9.988763361797501350e-01 1.123663820249804499e-03 8.356684145727137193e-40 5.371044305221297391e-188 3.599559617493025608e-121 1.167847391879879068e-154 1.343773486934988316e-163
0.000000000000000000e+00 4.114855310880672310e-185 3.289070460312906655e-156 7.251315236080498059e-118 5.568876334205769341e-130 4.213878131275811817e-02 9.578612186872418333e-01 9.904398006533977045e-25
5.614817362601360254e-213 3.029093199721506824e-26 1.000000000000000000e+00 4.770707981003768405e-60 2.500117481810810833e-140 8.290493158128639648e-228 5.911361791565884561e-190 1.699449202707312723e-254
2.313568718766510512e-34 9.999037838275951495e-01 9.621617240486812057e-05 1.355282877083130975e-45 0.000000000000000000e+00 0.000000000000000000e+00 0.000000000000000000e+00 0.000000000000000000e+00
4.457675660340129537e-118 2.394550194774699030e-22 2.394564755023997493e-22 6.852767111842543339e-73 8.888951466095611111e-48 8.113014305517790277e-54 1.000000000000000000e+00 2.458422696494803556e-51
2.119451088775395911e-115 2.082018449351334063e-06 9.999979179815506880e-01 1.312643859737164125e-104 0.000000000000000000e+00 0.000000000000000000e+00 0.000000000000000000e+00 0.000000000000000000e+00
4.403410385299875280e-155 3.321122183082860576e-20 4.952183754122844272e-06 9.999950478162459300e-01 4.714281177390736751e-133 1.340449299550354650e-160 9.586794168739790964e-156 6.857452140976463270e-179
7.009518838402251660e-167 5.333048993148444766e-47 8.001192257458319996e-33 1.000000000000000000e+00 5.228457407168281856e-124 9.021270609711358668e-173 1.552145063828589956e-134 3.693318711206957463e-152
4.965428218606438900e-102 4.999998636606759472e-01 5.000001363324062531e-01 6.917667278235530284e-12 7.349039240454421020e-124 1.634291281399372229e-165 3.559131824632958216e-128 3.536723735646831867e-152
5.116456516299486127e-120 7.411234063561219492e-19 1.000000000000000000e+00 5.013605364464676432e-31 3.167648542377957994e-131 6.411803972607102527e-195 1.095418844024357275e-148 1.198388083200715628e-175
1.125365762331296261e-159 2.289658431269202111e-39 1.000000000000000000e+00 1.993285147744480513e-33 6.033014454451289517e-165 2.241207067902201320e-196 4.169982789274045481e-121 1.886669136440529362e-161
7.353621188379482238e-156 2.245869388244497896e-64 1.494944616931553722e-49 1.000000000000000000e+00 1.640234956975611430e-139 4.140240284574615442e-230 5.932233406355952566e-147 3.493648683779675268e-160
9.485969134897612479e-185 1.067087346297522506e-53 3.313015713674438998e-52 1.000000000000000000e+00 1.009271485816585268e-103 9.389808975756770392e-159 2.361065595737467634e-106 9.635006145832925718e-112
4.799581498720314935e-183 2.758969553478347681e-48 1.000000000000000000e+00 1.227113119147997201e-48 1.094883197288130583e-134 1.028548499097149960e-153 9.836828328083143014e-87 4.040196083961917951e-122
0.000000000000000000e+00 1.043796133307658921e-187 4.001268080587249013e-187 5.049932085637502307e-121 2.264115642627620101e-85 4.955084291758187816e-77 5.665108052671102115e-34 1.000000000000000000e+00
1.874100508956432663e-207 6.184292789515469165e-65 9.999999855043459895e-01 1.449565400991364230e-08 4.264310709026901544e-143 1.000956020550053764e-183 1.947134924885256065e-115 4.077275666784579017e-126
1.245153206856575942e-105 4.563856641494609841e-42 1.000000000000000000e+00 6.955088126292031736e-30 3.769063466239762567e-153 9.248882993452848883e-181 2.349094644071302279e-171 3.662988067275964642e-220
1.489429698555543136e-210 1.966914696024304566e-37 3.671797610082321941e-36 1.000000000000000000e+00 9.666028821046813786e-119 3.896491983482095855e-164 2.881777868046105301e-115 5.574146051162399676e-109
3.171570339209824695e-311 3.461091658483583120e-135 5.334655555836325579e-131 7.787093198420713785e-135 1.000000000000000000e+00 8.903867509046699513e-43 1.095755117850032531e-24 4.222321813775321636e-85
0.000000000000000000e+00 6.045502604443554124e-105 2.693558392047085475e-104 3.214543126396704848e-96 2.586679240203941085e-23 4.961358054165338281e-39 1.000000000000000000e+00 4.040351788388928789e-28
3.387797587516457457e-156 2.918131750273330466e-04 1.929753052630263608e-10 9.997081866319973420e-01 4.348736433096602136e-53 1.357185578406853303e-94 6.531111176582857398e-53 8.204990103492869104e-93
1.256703639742222058e-257 1.006438279666176735e-52 1.090221315850578046e-44 1.956878515380502405e-49 9.999999998793126510e-01 1.151466424698473231e-10 5.540740035279028636e-12 5.998239781369375387e-46
0.000000000000000000e+00 1.529962350168629626e-104 1.046764573890960041e-112 1.386580248341696513e-95 3.720090735178184739e-53 2.745073058696961304e-87 9.999999999998785416e-01 1.213708444033079437e-13
4.410243008341914744e-185 3.483031585519955021e-52 2.695721698895714613e-19 1.000000000000000000e+00 2.374547947179194027e-55 2.307265289533242396e-122 6.161690339397232979e-88 1.541903475962634119e-174
3.292278422402227434e-260 9.539180674647935717e-67 2.407974044480944110e-83 4.852088581482825440e-36 3.510520095511763122e-26 1.175257508845829181e-67 9.999813769349835679e-01 1.862306501636903594e-05
1.080431718741775891e-139 5.701806183425789158e-11 9.999979628169194390e-01 2.037126062597278334e-06 9.723030645913973634e-73 3.208616254158196291e-117 1.769818143021532560e-115 2.253655849142879961e-179
0.000000000000000000e+00 3.922288238443966522e-105 1.884807278677659172e-121 1.481468413305103037e-102 2.755587035756383072e-10 5.704296499657072287e-22 9.999999997244413130e-01 1.405363109097671304e-76
0.000000000000000000e+00 2.032141406057408271e-125 2.658781303262354914e-89 5.573953173279075162e-49 4.854348226197122140e-01 4.779396060102686629e-18 5.145651773802878415e-01 5.948165824284228619e-26
5.446596921055555975e-111 1.000000000000000000e+00 8.492009290674987445e-17 5.015355928929068789e-27 1.185292256060066714e-56 1.575013615495322712e-95 3.271722858604708406e-65 2.640164406139690852e-123
0.000000000000000000e+00 2.318096392402876171e-186 3.930070502967676707e-156 4.626498777494443511e-90 7.191033640100129298e-02 9.570264309154322285e-19 9.280896635989986931e-01 9.753491426036951624e-19
0.000000000000000000e+00 9.815451230170165469e-146 3.117853833064560781e-150 1.874006891730278163e-144 8.693015119649697562e-51 2.586266758359518103e-18 1.754439239232828858e-03 9.982455607607672032e-01
1.000000000000000000e+00 7.918669334981501373e-109 4.187114326223902555e-123 3.488924869073887837e-195 2.743656378495511346e-244 4.381840833702860960e-296 4.435842246176983338e-306 0.000000000000000000e+00
5.398377095688857755e-313 2.042184461984487532e-81 2.693288326655623909e-92 1.452305610466308080e-116 1.712899444133611399e-49 2.725066725026857649e-26 9.999999053404030613e-01 9.465959698566369855e-08
0.000000000000000000e+00 7.008416910546349821e-146 1.715249149932270099e-149 8.573102273973194711e-123 2.149557854437810503e-38 2.088634625086785435e-02 9.791136510859154152e-01 2.663216685728710809e-09
0.000000000000000000e+00 9.973101574861233942e-01 3.014634181515784866e-09 2.689839499237445079e-03 2.447601629188108065e-31 2.238059771531825271e-17 4.868266450263756008e-15 2.551273794926834016e-43
1.000000000000000000e+00 4.743423293076274419e-140 2.232771591152930613e-125 1.763704359089064381e-198 2.568413243493534841e-169 4.808475082145671025e-263 3.670243737073104955e-247 0.000000000000000000e+00
0.000000000000000000e+00 1.188492413297346768e-66 7.135816088446431396e-64 4.960428980014048202e-48 4.361135708521919453e-113 1.197820846750442626e-29 8.055538208681142354e-22 1.000000000000000000e+00
0.000000000000000000e+00 2.317539664149674316e-68 2.433601242165100943e-24 1.000000000000000000e+00 2.403305824021076700e-94 5.604878282542957465e-115 2.172129720905937244e-111 1.823806090778126206e-166
3.252964605209510990e-205 2.018332278136839655e-06 9.999979816677218025e-01 7.435432919513978392e-42 2.597801517701409717e-111 2.392397582954996007e-151 4.026843174707542637e-166 7.734862670712997033e-244
1.000000000000000000e+00 1.463886928916520749e-96 9.903119268222245099e-108 2.277593162303671847e-138 1.466278022291452014e-274 0.000000000000000000e+00 0.000000000000000000e+00 0.000000000000000000e+00
0.000000000000000000e+00 2.457027976625572548e-152 1.426892521768713120e-166 6.873975823218671290e-117 9.999999999990974997e-01 9.023149852631834347e-13 2.635918128112905073e-16 1.172684420117251051e-47
0.000000000000000000e+00 3.201745334773828248e-196 1.280390213208386896e-215 6.313754056461131961e-157 1.789130494225689238e-13 1.219656929636734097e-27 9.999999999998211431e-01 4.188773068361699844e-23
0.000000000000000000e+00 3.539311670448387901e-137 3.048401361335841701e-151 8.653405010339655043e-147 6.339790763780764869e-46 2.019729003937252472e-15 5.368720616038657810e-10 9.999999994631260103e-01
0.000000000000000000e+00 2.048451621987951472e-155 4.350923995686138989e-156 3.115337430269384191e-135 5.351309984092548468e-172 4.688088744058764007e-46 1.000000000000000000e+00 7.037836208516188544e-35
1.523638991448844988e-209 8.769024131065425949e-58 1.134030594426307999e-33 1.000000000000000000e+00 3.974004699581560838e-64 0.000000000000000000e+00 1.944352564983958639e-88 1.431963829541595763e-126
4.963712633357802238e-262 1.752476574902809850e-22 1.000000000000000000e+00 5.789746124527902454e-47 6.921285618150240189e-173 1.243619815103344400e-95 1.314157375330564954e-106 2.988919625871483664e-156
2.078178994331542085e-121 6.038776271384279637e-01 8.706300886336149523e-09 3.961223641552713004e-01 1.705937700459683669e-50 2.600083531922046677e-142 5.955862587646517851e-74 9.133231498185182097e-112
1.098454912710806147e-307 3.921149454666649018e-126 1.083711951324380542e-112 1.027906574840765965e-93 1.000000000000000000e+00 7.484914958302927852e-32 2.717345390059381190e-23 8.675749203085563245e-82
9.881312916824930884e-324 4.426423821055003549e-109 3.911801288391636004e-116 3.542538696328938462e-110 1.000000000000000000e+00 1.078803754420571754e-47 1.564570928197895222e-38 7.924079313058700539e-84
0.000000000000000000e+00 9.669803151452173426e-148 1.338533770649342735e-149 2.728754934657033513e-116 9.682507439203286474e-24 2.984302943070991581e-53 1.000000000000000000e+00 1.986585244369740880e-21
0.000000000000000000e+00 2.025915017695561889e-121 8.039214001970690648e-140 1.427897702050184717e-125 2.930079509820450862e-89 3.816306962182949453e-91 2.284344731390356500e-29 1.000000000000000000e+00
1.010472233863082915e-188 8.522880659056895460e-59 7.727362291766451804e-13 9.999999999992272848e-01 1.398907726210637444e-78 1.051942979894922414e-125 1.614013919296322888e-87 1.263705546188441252e-123
0.000000000000000000e+00 8.029799745035002028e-92 4.129929223444472583e-71 2.191450802236700014e-110 1.586900325100713966e-32 9.999994686242390518e-01 5.313750045962323876e-07 7.563559393977640658e-13
0.000000000000000000e+00 2.093900832246098881e-77 9.150880471903616138e-59 2.097248020070244205e-35 1.977919049421397313e-06 9.999980220809275844e-01 1.535575902470049106e-14 7.627956133813464165e-15
0.000000000000000000e+00 1.647730239503428122e-132 7.072451250760975006e-139 1.880403678223852914e-133 2.880562069929266575e-35 2.608583187006989577e-03 9.973914168129929259e-01 1.312380800566673995e-26
0.000000000000000000e+00 2.681339807938781645e-18 1.750529118814965004e-20 8.183180051273727384e-01 2.915021469973313358e-09 1.816819919576058151e-01 2.300449716659635923e-61 2.806977278607843917e-84
2.750170785245481674e-145 9.999999999999990008e-01 1.109866113057073393e-15 2.684567766984965600e-42 2.963291955842447283e-53 1.139856084025570262e-97 1.053002310144392515e-85 4.671099241973686384e-92
0.000000000000000000e+00 1.977483278262362467e-154 9.414753328882550064e-133 6.055333322548901959e-71 1.375732625623907371e-58 1.000000000000000000e+00 2.146360221385371554e-28 5.451344493531871441e-78
2.556211273007614991e-210 5.260721765651597132e-03 9.947392782343483786e-01 1.731727627790930042e-38 6.594765585061031686e-149 5.705004620400545805e-227 3.076552606321782988e-177 1.642753928024694657e-269
1.000000000000000000e+00 8.090075929382042581e-116 7.661420085100343686e-97 1.514766854244836190e-174 0.000000000000000000e+00 0.000000000000000000e+00 0.000000000000000000e+00 0.000000000000000000e+00
1.011276604096006300e-180 6.369365466272842842e-10 9.999999983407928950e-01 1.022270539767446808e-09 2.294937443599405363e-21 2.207477770788372606e-52 2.601767157442264595e-29 4.698554128887400646e-66
0.000000000000000000e+00 2.770520359652142121e-57 1.101887859244447623e-41 2.412375282099175605e-48 1.000000000000000000e+00 9.515221074884051517e-46 9.380925553943176407e-36 1.956975503499015561e-115
5.186552819740308247e-147 9.990291564437250305e-01 9.708335346977245124e-04 3.041273831344199452e-18 5.638142074978117966e-198 5.331796805995176834e-49 1.002157726026747241e-08 4.258781993777412259e-19
9.703053481479380424e-171 1.772368715307393949e-36 1.000000000000000000e+00 3.568632011472512962e-17 1.610466500839271471e-119 3.167408977727757507e-155 2.027728531806915221e-119 1.311512961416138040e-139
6.510566109140792990e-247 9.046756140848922330e-19 1.000000000000000000e+00 9.348038168317238993e-37 0.000000000000000000e+00 3.364361158671436489e-164 7.917841467565244549e-181 3.515574741286913074e-228
0.000000000000000000e+00 1.912705315743871534e-182 6.379360587631850331e-183 3.529994498597194258e-141 7.816710911744990105e-198 5.016857805289438690e-80 2.255690807461087887e-16 9.999999999999997780e-01
2.374094618109089872e-252 1.004007980528686110e-94 4.609683247433223397e-105 5.585218477803829126e-70 9.999999999999990008e-01 5.869157686723994838e-17 1.070973786020400293e-15 3.435919987949464860e-29
0.000000000000000000e+00 1.521795198273327323e-223 4.616936369885254008e-221 7.698012133415096983e-169 1.280325810570353548e-55 6.533005153842502089e-41 2.178315993341638068e-26 1.000000000000000000e+00
2.089536229953419209e-237 4.991988158496725858e-35 2.124013445665242084e-27 9.999999999998688827e-01 1.310992786071970763e-13 0.000000000000000000e+00 8.083405833987692222e-34 1.758377405126880089e-67
1.000000000000000000e+00 1.940777269208202460e-120 7.299914336695290436e-117 2.495178968255403155e-156 1.024791355323181991e-175 3.749709219258615670e-271 1.218333748960590501e-235 0.000000000000000000e+00
0.000000000000000000e+00 5.164079931161098023e-151 6.233742495594632280e-154 8.962569808299129811e-186 3.222436279778167759e-48 1.000000000000000000e+00 1.823565419083286764e-25 2.029023329660773017e-31
0.000000000000000000e+00 7.160486890974195205e-113 1.557213265593400779e-134 1.650016128479366490e-135 2.638067807086895630e-34 6.160762117987935881e-32 4.464053996384314312e-13 9.999999999995535793e-01
0.000000000000000000e+00 1.119237925707286520e-120 2.528288151420069841e-133 8.137710710248902693e-135 1.483538475816265173e-35 7.423663565497350934e-29 9.999999999956321606e-01 4.367876274770650073e-12
0.000000000000000000e+00 1.820726897124791267e-110 1.473946587192322574e-120 1.426585352188538391e-125 3.148617076290464430e-16 9.999999999997400968e-01 2.595237938202615388e-13 7.153384028229241548e-23
1.274535166427988810e-108 3.882370745153333746e-02 9.611762925484667042e-01 5.900135335657912096e-34 1.931840514737486898e-55 1.420020568553445011e-105 1.664985695313519121e-94 3.291580564238515680e-173
0.000000000000000000e+00 8.694683328824481539e-136 7.584784439113732924e-127 1.285920120856980356e-115 1.314223460303430410e-21 1.000000000000000000e+00 7.080641068062087280e-23 1.210204103944100547e-52
1.451355584552251278e-114 1.175498376761354423e-07 9.999988171223991307e-01 8.185043024633505833e-13 1.061779051442126708e-06 3.547893485470556118e-09 1.300840350866664448e-35 4.950090726925651940e-112
0.000000000000000000e+00 1.459069402999530113e-97 2.530634557889723500e-113 3.512931877777412921e-81 9.999999997987344402e-01 4.951802691963478166e-29 2.012655610126035021e-10 1.554361531798920396e-36
6.755451138384130881e-129 9.999999999780716520e-01 2.192843842103597735e-11 4.770759329746800438e-49 6.192696556998229568e-167 2.342741058709288401e-26 3.261851196068327275e-25 1.888007638787887581e-70
2.845022233584050995e-306 3.871041385436528606e-134 4.387160871611365417e-145 5.560062379164183992e-99 1.000000000000000000e+00 9.385108360891067739e-40 2.497390413361164196e-30 1.138585242660304260e-63
9.905909542862783852e-105 9.999999330633683181e-01 6.693662804347417742e-08 3.492931289151888249e-19 6.119663196788632320e-150 2.595461159212572947e-25 3.531873404143757867e-15 1.527004582714513229e-50
0.000000000000000000e+00 0.000000000000000000e+00 0.000000000000000000e+00 4.081789613331408026e-141 9.999999999832739350e-01 7.948032752566875921e-13 1.187720550749278794e-22 1.593127699863198608e-11
1.418415758935189782e-289 4.973261431234246074e-99 4.700710383949087043e-89 8.475027435010929872e-56 1.000000000000000000e+00 5.131892366608772803e-34 1.490908479452853789e-42 4.939300818415123341e-85
3.887662126840659191e-157 6.044023288581297458e-52 3.258216239398126460e-27 1.000000000000000000e+00 6.928764834266906323e-28 6.455829772720901980e-84 4.134651357857340589e-81 9.467260726862845875e-129
4.549914199005227162e-107 1.947909469778029945e-35 9.837543119147788007e-01 1.624568808522115423e-02 3.629110055506775798e-83 8.374550224642852750e-119 5.464398067149392999e-111 1.933928204015738445e-149
1.160519355239441877e-171 8.911456470938561872e-20 1.000000000000000000e+00 9.136010531949621211e-23 4.071106883890777956e-90 0.000000000000000000e+00 8.721302726125011413e-134 4.283840201061902700e-169
1.633971509096677849e-238 9.998174288659020803e-01 1.825711340980283332e-04 1.958216621248899961e-21 1.651210813641461531e-230 1.646093319629709964e-261 1.584677927871840319e-258 1.286786846972963794e-263
0.000000000000000000e+00 6.952332107065651947e-126 3.476177054433905275e-126 2.768882543398931250e-163 6.927836544308596937e-166 1.519434414664718845e-15 9.999999999999984457e-01 5.233560405338298466e-20
0.000000000000000000e+00 1.430007111705029760e-07 7.153949587792631525e-08 9.999997854597929559e-01 8.333444317106980982e-92 5.283882768128448104e-79 6.382207811596082687e-121 4.971851995916588785e-138
1.000000000000000000e+00 8.610954919612476527e-113 1.142591897960897521e-59 3.777666592649133992e-73 1.750369646326875143e-170 0.000000000000000000e+00 0.000000000000000000e+00 0.000000000000000000e+00
0.000000000000000000e+00 1.371126476212092686e-05 9.999862887226992347e-01 1.253849635514776856e-11 7.595051670415965784e-189 1.240214134426632388e-148 3.831794930739953261e-147 7.494215057826863025e-208
1.000000000000000000e+00 1.367110281576580862e-155 6.181041872511603674e-116 4.676426661240538770e-143 0.000000000000000000e+00 0.000000000000000000e+00 0.000000000000000000e+00 0.000000000000000000e+00
1.000000000000000000e+00 6.541720518963543144e-88 1.729398703210306246e-93 3.557874386361882222e-138 0.000000000000000000e+00 0.000000000000000000e+00 0.000000000000000000e+00 0.000000000000000000e+00
0.000000000000000000e+00 1.983494003848064471e-163 4.132447904804212327e-134 6.483817923523849839e-117 1.912759376954446764e-83 4.496981340491565768e-15 9.999999999999955591e-01 2.217458653687017850e-43
9.778384031630703481e-165 9.999999245845366813e-01 2.021590172956037122e-17 7.541546328027495957e-08 4.321330468827420871e-115 6.698756613867112434e-139 1.051135689924848940e-91 6.772345458982806081e-105
0.000000000000000000e+00 4.897511550585507988e-118 3.329679542743283439e-110 5.434855186983507433e-76 1.496432898603780003e-53 4.177516434741771555e-56 1.000000000000000000e+00 1.065815466633465050e-52
5.574494166406383966e-170 4.596816448673185940e-04 9.995245591206490809e-01 1.575923448357650298e-05 5.925918877624359929e-121 3.127052792352465394e-191 9.039150533861316154e-96 9.990149099981448515e-106
2.061914161379719682e-216 2.558661128765535668e-37 2.535309940339806355e-13 9.999999999997464251e-01 9.957682030323362464e-109 1.394164058164353273e-138 3.935362123894345334e-83 7.508778443268334504e-110
0.000000000000000000e+00 5.929538467807390082e-126 2.199258016283245614e-165 5.935591922922953337e-97 0.000000000000000000e+00 4.273893436392096588e-70 2.580304192343343406e-01 7.419695807656657704e-01
1.063273153933317877e-256 4.616986868449281245e-05 9.999538301313154465e-01 5.488689502000043180e-28 2.138422007282688499e-289 1.257735706204069089e-260 0.000000000000000000e+00 0.000000000000000000e+00
0.000000000000000000e+00 9.999999997574043897e-01 2.425955681927656482e-10 4.912998598532067210e-64 1.172572178594586708e-86 1.482474181273674793e-41 1.655001262935310960e-35 6.836228137266886416e-40
8.203316450283086560e-214 1.032123018484366121e-63 4.303469862911803555e-06 9.999956965301370904e-01 3.951740243364883274e-123 6.216089009887831382e-136 2.079419980746378042e-146 4.138126203238126197e-156
1.000000000000000000e+00 9.231936668069331448e-204 9.733786335223760143e-152 8.506796388407670439e-172 5.986930676589798426e-276 0.000000000000000000e+00 0.000000000000000000e+00 0.000000000000000000e+00
0.000000000000000000e+00 5.039488186700683110e-233 2.097617744524659609e-227 1.986676059778162680e-180 1.865857358834307803e-62 2.754354671737750093e-118 1.000000000000000000e+00 1.605706767452773930e-48
0.000000000000000000e+00 6.240953996108761191e-33 1.680928729562831916e-49 2.812419985094264121e-40 2.186117910738215510e-160 4.328843075706868451e-189 9.999602329508389120e-01 3.976704916107708560e-05
1.161388028033342395e-264 7.722221165822846975e-129 1.609940311915576451e-20 1.000000000000000000e+00 1.112160491948355856e-278 0.000000000000000000e+00 1.210714635365739345e-226 4.451538340327335235e-255
2.348458683581958780e-206 9.999999883717360927e-01 1.162826397330016467e-08 4.267701506933979099e-45 1.518423186761710969e-188 0.000000000000000000e+00 1.453915037807257201e-166 0.000000000000000000e+00
1.000000000000000000e+00 4.543999332176937149e-105 1.331214963120746049e-105 2.307588808286962977e-176 2.694671212642005651e-250 0.000000000000000000e+00 0.000000000000000000e+00 0.000000000000000000e+00
0.000000000000000000e+00 6.118661818307369547e-160 3.959053213029819065e-157 2.584379345608469672e-109 1.666846290886283776e-60 5.325057329336014373e-39 1.000000000000000000e+00 6.221241729897366302e-99
0.000000000000000000e+00 6.245241435762671787e-46 1.508947169321288935e-04 9.998491052830679182e-01 8.350045402650678695e-138 2.467331319228453406e-240 7.516289235035837776e-125 0.000000000000000000e+00
2.636101003461381559e-246 6.666666666666666297e-01 3.333333333333333148e-01 1.052954549961100099e-48 3.599894297899672733e-172 2.142237662878645815e-238 6.930269205851901216e-213 5.800215956269313692e-264
7.530001657386744278e-159 6.666666666666968277e-01 3.333333333333031723e-01 1.260743991382961243e-29 1.673293803828649806e-105 3.234616078408738633e-131 4.947683690522966108e-104 1.756467558444806556e-100
1.000000000000000000e+00 5.011375845838007080e-153 5.011375845849132787e-153 8.025505703503281123e-200 0.000000000000000000e+00 0.000000000000000000e+00 0.000000000000000000e+00 0.000000000000000000e+00
8.318849964778068111e-273 6.490454912967885681e-01 3.245227456477179362e-01 2.643176305549348529e-02 4.520747149954156257e-119 2.054198266566066454e-218 2.230126278479658406e-134 1.970832305212599496e-176
3.883030821199121104e-119 1.000000000000000000e+00 1.875881472022538057e-19 7.454233451158177710e-44 2.611131149594583885e-122 3.000811826159138509e-173 2.542468965682838513e-91 1.032362688875787632e-127
5.265916190853498880e-129 9.261400107476559203e-11 2.784075371883633138e-21 9.999999999073860835e-01 1.130699478678417953e-51 9.080209695595034729e-144 2.588983224702824364e-91 2.029390053879293409e-122
5.518476631661041536e-263 1.176302094628878193e-64 2.973407316053448347e-66 5.523618804468300761e-56 5.445819082976169900e-01 2.352223508184605948e-37 4.554180883091039078e-01 3.393279151479696072e-09
1.891173977296877617e-137 2.610168534694988688e-18 1.000000000000000000e+00 2.991514706035594861e-25 4.163517009152685337e-49 1.325417233467970277e-95 1.908212351771887988e-71 2.231181258362579461e-131
2.074692659874350176e-141 4.771180103785856545e-21 9.542360190594925005e-21 1.000000000000000000e+00 6.014003823640073549e-169 0.000000000000000000e+00 6.418443346187496547e-174 0.000000000000000000e+00
1.561964183396067706e-152 1.000000000000000000e+00 5.565728018237713670e-51 5.896539291541512399e-67 8.837824449436518312e-192 6.363414657545370133e-206 1.052748369143225730e-124 3.577504922384187111e-151
9.265178403175112993e-161 1.000000000000000000e+00 1.226241194805771689e-49 8.553184911323905563e-57 1.327620813406375521e-122 1.988180448322462936e-195 6.209721133029339917e-94 9.170811720234768151e-120
2.270659367170759382e-142 7.635580491201150802e-16 1.527116095523342321e-15 9.999999999999976685e-01 1.228936828578778786e-104 2.143108855030640395e-172 1.971437485087888983e-98 1.706581868089653044e-101
1.949725402663729247e-186 5.119693673709612421e-39 1.149455276448200884e-02 9.885054472355180311e-01 4.448602578271921165e-114 4.395922423925357505e-150 2.152565388187391462e-142 2.690474059722787522e-148
0.000000000000000000e+00 7.206560641597301312e-98 5.339947153366235571e-111 1.108933687605832716e-73 2.786325545710817628e-80 1.615741163705506985e-115 4.171191790279456357e-17 1.000000000000000000e+00
1.694992606664934556e-72 5.000546079035348424e-01 4.999453871230815638e-01 4.973383651454775747e-09 7.083138132177718908e-193 9.803210580743927729e-50 2.004747104745577567e-34 1.484787208163771853e-71
1.203988724860446325e-152 4.536376410480484332e-32 1.000000000000000000e+00 5.084183695654780064e-21 4.175856223831844315e-180 7.436272382430801003e-60 4.818995532655390223e-42 7.812579762831864287e-92
1.863997488535083932e-298 9.684911344110632928e-31 3.040485499389088035e-41 1.000000000000000000e+00 3.097107447410861050e-73 2.293300978819975721e-120 1.222923445214165015e-114 6.072878469042919465e-156
1.000000000000000000e+00 4.745350159892351386e-138 8.249294886235910993e-127 5.633152150722787803e-172 0.000000000000000000e+00 0.000000000000000000e+00 0.000000000000000000e+00 0.000000000000000000e+00
0.000000000000000000e+00 6.552142864049460916e-149 2.145458934869400800e-140 3.046729881455797776e-125 1.000000000000000000e+00 6.973903972067656337e-36 6.097838531854564430e-23 1.100852562984189628e-41
0.000000000000000000e+00 1.393157634699980287e-179 1.262653006643813430e-196 4.049178668998932396e-178 2.780154644252335115e-29 2.298317815078822432e-11 1.432684026828455654e-10 9.999999998337483209e-01
4.042619730984712007e-150 8.839157107665198903e-08 2.593538767911460902e-02 9.740645239293143076e-01 5.588352359495677450e-234 1.202906987399116254e-112 1.724790802299909930e-85 3.493612014375829710e-102
1.158106738253554483e-147 2.754233595868349163e-30 9.999987484668223514e-01 1.251533177640429509e-06 1.150097230386277129e-141 1.798489280321888643e-151 2.212500873521265051e-165 5.691002321033017352e-186
0.000000000000000000e+00 1.272358081450548835e-12 9.999999999987276844e-01 2.206066276291970237e-31 0.000000000000000000e+00 5.542061416349865962e-75 4.454995047403612470e-95 2.140435265551353054e-113
0.000000000000000000e+00 5.261509623328775436e-147 1.790615847779589528e-135 5.673095769527259864e-95 1.113161820024423348e-193 6.155565005223223248e-56 2.092274626686508590e-07 9.999997907725373114e-01
3.131680579506230123e-78 3.643045426116743149e-14 9.999999999999635847e-01 7.400200787209662885e-42 3.008153557003156760e-88 5.288521575463990491e-96 8.408773211161819011e-125 5.380839258363242793e-170
3.209039327465720801e-255 1.096484045957155534e-80 6.647005471378141408e-60 9.331017520159844114e-55 9.999999999749277224e-01 2.507228102763680749e-11 3.688593261983555048e-21 1.406753818300698692e-55
0.000000000000000000e+00 2.006763852189663990e-158 1.436766782730246117e-149 2.444185088252239061e-123 3.503243978951863404e-25 4.334513289366967802e-12 9.999999999956654673e-01 3.975993783824568932e-28
0.000000000000000000e+00 2.611523077431426520e-79 7.266242223292925726e-93 6.608457428078952991e-94 7.521143835402638824e-20 9.865831725521306828e-01 1.341682509670303648e-02 2.351166266905674481e-09
0.000000000000000000e+00 4.150719571260312428e-149 1.258044531412956734e-139 3.586587610158080150e-168 5.737079153357750809e-175 3.292827449322831053e-24 9.996794249170338764e-01 3.205750829661578420e-04
1.636200030840952033e-282 3.011342738984829928e-16 9.999999999999995559e-01 5.057565754605688036e-42 2.841438695035947794e-180 2.242928775406207573e-146 1.479140031351999748e-126 9.989893067306913915e-155
0.000000000000000000e+00 1.638568093218542881e-106 2.752614950235226104e-100 3.386691246722975831e-104 1.294492194831632092e-38 5.904643432152104660e-14 1.230629523197286592e-10 9.999999998768778209e-01
0.000000000000000000e+00 9.790249571334345028e-163 1.285126052315745133e-139 3.518005613851144083e-140 5.940179059554061551e-30 9.999999999026738529e-01 9.732612901325705206e-11 1.017830560342633172e-26
0.000000000000000000e+00 2.403167365549703155e-139 6.857067566231940739e-149 6.143523858135559390e-133 2.847452389860215690e-124 9.748920181399614035e-168 9.999999999999447109e-01 5.524224765693602234e-14
0.000000000000000000e+00 2.104622777782286770e-56 4.209632451477604400e-85 8.538481212029751184e-80 7.758497002013370444e-102 1.038468242299988212e-120 1.809547514116821496e-06 9.999981904524859466e-01
0.000000000000000000e+00 1.005337765419586967e-144 1.208048345219056408e-67 1.000000000000000000e+00 1.584806999851080883e-199 0.000000000000000000e+00 1.279600573921200819e-131 1.154747259190279156e-178
1.000000000000000000e+00 8.166646456800731106e-214 1.652009404410611917e-155 1.475988553486850260e-158 0.000000000000000000e+00 0.000000000000000000e+00 0.000000000000000000e+00 0.000000000000000000e+00
0.000000000000000000e+00 9.225163516754803885e-77 1.006383002458993580e-77 1.988549400636580133e-59 3.072248018165040110e-42 1.318708670561708938e-48 9.993215931210521763e-01 6.784068789477937754e-04
6.776479101968221344e-152 6.484620848430409825e-39 1.000000000000000000e+00 1.336375947338728070e-18 6.853792206266106954e-65 9.128053158970555280e-92 1.869850306274472535e-108 1.219655832542536037e-111
0.000000000000000000e+00 3.347007212317161918e-44 5.048042881139719021e-57 9.999999999999986677e-01 3.762797902710890504e-47 6.670342089770231817e-28 1.225611001459619894e-15 3.743063262023308221e-38
0.000000000000000000e+00 4.172814778064777907e-80 2.992095581643829055e-46 1.924447300756146544e-90 3.739115022000687156e-70 1.000000000000000000e+00 6.359816481270305123e-73 1.658645343257718788e-75
0.000000000000000000e+00 5.783863998814779611e-111 8.099888926966930281e-126 1.698851948065517182e-137 6.762291543944610887e-184 1.295695944664364347e-181 1.971265105195348067e-35 1.000000000000000000e+00
0.000000000000000000e+00 2.227910363879101548e-130 9.999950703223509096e-01 4.929677649129004094e-06 1.090277017792778514e-179 1.724817282813601614e-228 3.051553777946025764e-155 2.888288473998836261e-198
0.000000000000000000e+00 1.168241977977014344e-90 2.622741083312856921e-113 1.659668378676966038e-88 3.286287653608311385e-75 1.001555164758041307e-196 9.999472234726106690e-01 5.277652738936866475e-05
1.000000000000000000e+00 9.121091109395692381e-129 2.336032700427891309e-76 1.625499424072458479e-71 0.000000000000000000e+00 0.000000000000000000e+00 0.000000000000000000e+00 0.000000000000000000e+00
3.801680417194723791e-293 9.999999568662742977e-01 4.313372570122050290e-08 2.717306784221092766e-47 1.482878621139749147e-218 2.569586763509132824e-188 7.790588495495413681e-225 1.976734313001421871e-289
0.000000000000000000e+00 5.056623238049414412e-224 1.059849749122154798e-189 3.872376187627716126e-158 3.100948741661085754e-220 4.506280840755091313e-34 2.697976379828197915e-07 9.999997302023619916e-01
1.654030927234724782e-94 9.999999999967941200e-01 3.205998839254277622e-12 2.598423201916945777e-54 2.869686983754618921e-83 3.636943853789416721e-81 2.453387720019846779e-108 9.198064797778837403e-183
0.000000000000000000e+00 0.000000000000000000e+00 0.000000000000000000e+00 7.861940610203842525e-95 2.161769285749655142e-06 9.999978382307141977e-01 4.292909228817605008e-19 1.205077066228191509e-71
3.458371638710925782e-130 2.026690527504966532e-02 9.797330947249502930e-01 7.272610556106483467e-53 1.246958484446965561e-94 4.917212063774161794e-139 1.572277578067075460e-119 2.310849358013098673e-152
0.000000000000000000e+00 2.968692149659464939e-192 4.780383205505675178e-180 4.487965655837208301e-140 9.999999999734332512e-01 3.607784460668831147e-28 2.656667028532971808e-11 1.944186191038056533e-107
0.000000000000000000e+00 5.468400838180389161e-161 2.795710455222149917e-180 4.357436210974952166e-180 1.701282888074517914e-20 1.000000000000000000e+00 4.061706223383720811e-29 5.536353798699934312e-101
1.010021380774572658e-125 6.864652025355991727e-01 3.135347974644008828e-01 4.828134858233698697e-42 1.372115747486745878e-76 0.000000000000000000e+00 2.241218821439515890e-92 9.692572768742210363e-122
3.248811148758681819e-229 1.673931708428059231e-51 8.102599787097951123e-31 1.000000000000000000e+00 4.654420608876008133e-123 0.000000000000000000e+00 3.254467416762884998e-91 4.171851147936657341e-118
6.553021859648915694e-164 9.640226065399275596e-30 9.900048330139727848e-24 1.000000000000000000e+00 1.523635922868246522e-119 2.330009184776427286e-160 1.655505467894766512e-115 1.940511402326925446e-141
1.171979712508810524e-228 1.290134449366852814e-54 8.893697662047182958e-14 9.999999999999110711e-01 1.222551031109975641e-80 8.948578508092662258e-127 1.418867059541842355e-85 3.459799931117571322e-98
2.808647373957945204e-169 5.746586063043004891e-48 9.960591184242000296e-01 3.940881575799885447e-03 5.985723427198938209e-142 7.155447843420690746e-170 2.680983151365422059e-140 1.111631049123653299e-166
2.409765831113667769e-304 8.424772199860639469e-116 7.888392979669781304e-112 5.700711018603185963e-108 3.626242292549984488e-126 3.691234101116984677e-24 1.000000000000000000e+00 6.043174102958533430e-26
1.027136465793537762e-217 3.917720990045786954e-82 1.264847726947962245e-81 2.558425493315977410e-76 9.998949109584460704e-01 2.281536488520194245e-28 1.050890415539833137e-04 1.349798354998784928e-31
1.150966550997460755e-219 1.966169146856958927e-01 8.033830853143041351e-01 2.442054421894394285e-28 2.498446594748253939e-131 3.901743520611748175e-99 8.965441166622889899e-111 2.368791355097999325e-141
0.000000000000000000e+00 8.238072587031503726e-131 1.782164092313115467e-118 4.002469424831764549e-86 1.149747073469303965e-01 2.706233089529464950e-13 8.850252926527989450e-01 3.973608686075510367e-23
0.000000000000000000e+00 2.806927785472227396e-194 7.679848510113047373e-213 8.986847445963598451e-183 5.986842286686577729e-48 7.475019805921917087e-46 2.701530523574628343e-05 9.999729846947642553e-01
1.000000000000000000e+00 9.567703781365907931e-94 5.712750133163638993e-104 2.784100440678766641e-152 1.920689923961757251e-172 3.659072122218551491e-261 3.414643340037208335e-239 0.000000000000000000e+00
2.651661944282032294e-238 1.634129305348376160e-71 4.005617167765635417e-66 2.422916876522825367e-29 5.662659904726809578e-06 2.491618817342109134e-40 9.999943373400953517e-01 2.940459170605226438e-18
1.584575031677663645e-243 1.091942467303751171e-20 4.137321902221781849e-32 1.000000000000000000e+00 1.205903707780216232e-26 6.370793114552758564e-78 5.644756759568165654e-33 5.552360153650219864e-81
0.000000000000000000e+00 7.218724124693770968e-172 2.472113414530099594e-173 1.865565828248547022e-164 8.386967706587734644e-07 4.217449026447528617e-19 9.999991613032293003e-01 2.044870988514657603e-67
3.704216159729670826e-111 1.000000000000000000e+00 5.730958335619972731e-20 4.122581110117470941e-47 1.362121922367421015e-30 1.085953369687286695e-42 4.540509834057876770e-55 1.825032566363931188e-83
5.252169628306752703e-201 6.650385813666559626e-52 2.782720327716571528e-58 4.176393673114208162e-44 9.821463159068560686e-08 2.236669460246492065e-26 9.999999017853676841e-01 6.477020403475804776e-16
0.000000000000000000e+00 3.154688423613545507e-127 2.723926276887911089e-125 9.285454969030356763e-61 9.994204472039809328e-01 1.006587300290447119e-16 5.795527960189071452e-04 1.931106782984904984e-34
4.121679013246876272e-136 7.849981297056710571e-34 4.924618925488172131e-21 1.000000000000000000e+00 1.448575771871921157e-143 0.000000000000000000e+00 1.870428100345548442e-181 0.000000000000000000e+00
8.009498474753571906e-144 1.182898570287230858e-26 1.090401385817489478e-27 1.000000000000000000e+00 9.601815240021261106e-148 1.866426712238777608e-218 3.004254713968805005e-119 1.313425721127705147e-158
3.117072111876561887e-98 9.999999990836697661e-01 4.925571398417629495e-21 9.163303126849921973e-10 1.127782225658455048e-161 1.035684383319292578e-221 1.123925338394078817e-208 1.407177962747898910e-301
4.785954809481811086e-164 2.098029408555014339e-07 6.636132777070145525e-03 9.933636574199888880e-01 1.531583680312354405e-134 9.698938791664410367e-182 1.406008387974137750e-114 7.626147301489037905e-147
1.779240531685651064e-296 2.823783359656087602e-91 8.776412830902369799e-102 1.975173764399833037e-110 5.028591367030069227e-10 1.033964741346091891e-30 9.999999994971409123e-01 2.867254789337619157e-31
4.109548497259738287e-265 5.677368545279832850e-66 5.140628786278431415e-98 4.759630988215492341e-123 9.444271054869075588e-01 5.873872519355452341e-24 5.557289451309250367e-02 2.133810348338238040e-26
2.659992271551051643e-290 2.619363620385689219e-95 1.176263090950664308e-76 1.443818014234772458e-90 2.179909235415080044e-20 5.392489084737130969e-33 1.000000000000000000e+00 7.477451653238791020e-34
3.901606871253492930e-298 6.704557049551356273e-84 2.268847348663010496e-101 1.505794585243536297e-99 3.840634609598962684e-12 4.072002863670242435e-22 9.999999999961594055e-01 3.188957907040714784e-22
1.854205891135562235e-273 9.999999972118126523e-01 2.788187448318003993e-09 2.661787670382310907e-42 1.900080751756378212e-305 1.017362205118926631e-229 9.932921375145317322e-220 1.777598743950450014e-239
0.000000000000000000e+00 1.282850692489197081e-160 1.600918156061415771e-175 2.876252544373034601e-136 1.598052505151043797e-271 1.048838955413608517e-71 1.055982164143209266e-04 9.998944017835856846e-01
4.867830327173562749e-97 9.999999999999676925e-01 3.235917527164584689e-14 1.224663753850044790e-42 2.680010577454978420e-193 1.093809314582092768e-222 3.191103942395878850e-119 3.505313538621169106e-154
5.130421031616884115e-200 1.249308540722387792e-58 1.239948845679517461e-15 9.999999999999987788e-01 8.439702898076209330e-143 6.083140282950407476e-187 4.741452954308851820e-132 2.245227665092944134e-154
2.783622369388866594e-282 7.703418703072582590e-72 1.359857904088371316e-98 9.201053716915869053e-105 2.729212963188872594e-21 7.838151563906371363e-38 9.999884082084629089e-01 1.159179153716365505e-05
0.000000000000000000e+00 9.575455528385644257e-239 4.959291660792757429e-260 5.086367353281377622e-265 2.147884454881414753e-66 8.591097360365793235e-25 1.762626876308729268e-31 1.000000000000000000e+00
0.000000000000000000e+00 4.254888373580158448e-119 1.295930233291229902e-134 4.738213464236742279e-107 2.118507455147301574e-34 1.972656593759746824e-27 2.024525300761235345e-12 9.999999999979753973e-01
1.000000000000000000e+00 2.235744109748340703e-109 5.892151962158392595e-126 2.840928623206305678e-164 1.414211761505198500e-272 0.000000000000000000e+00 0.000000000000000000e+00 0.000000000000000000e+00
3.202137358324113844e-206 3.333333363058105792e-01 6.666666636941893653e-01 8.455509060651434779e-25 1.532491559546367687e-106 1.515243328268151333e-149 1.331960774644655428e-121 2.804651317183391162e-163
1.809574268897886289e-146 2.294509038751491734e-26 9.999999999999997780e-01 2.153333194020700670e-16 1.562467919272793216e-129 2.562531990348859032e-176 1.401561010474594466e-143 1.592725019681138361e-179
1.000000000000000000e+00 8.111577173765365382e-99 4.076457638934427126e-102 3.838664526977953215e-113 1.249129440382846202e-252 0.000000000000000000e+00 0.000000000000000000e+00 0.000000000000000000e+00
0.000000000000000000e+00 2.772153583772682931e-145 1.386076900103345977e-145 1.443885234648321984e-84 2.791880605176509120e-60 3.160315617162970594e-71 4.593663589763264190e-13 9.999999999995405897e-01
2.121540816062516737e-130 1.785487221122298503e-49 1.000000000000000000e+00 1.134622070142237276e-38 1.035295772669986578e-77 2.584802144917200676e-132 2.504235670075994364e-131 1.994466184568802199e-173
0.000000000000000000e+00 1.194182483141971575e-196 1.390235405808424057e-185 8.788524280873683424e-127 2.025020439770903995e-46 1.154359547471610911e-54 1.261891476391988405e-18 1.000000000000000000e+00
2.565616633520930820e-271 2.448352799208334458e-103 2.255567270361873101e-104 1.240994125847679592e-85 2.603106499082803479e-06 9.999973968935008672e-01 9.684145637382557426e-35 3.405471172677014448e-64
3.861681531853961892e-293 1.825097718848591370e-88 1.133091459512280062e-94 3.456962889043513781e-64 5.553085867408276804e-16 2.049227351965402571e-13 9.999999999997941647e-01 3.607879181259150999e-16
2.862338667778159504e-141 3.864991326549021243e-03 6.036891487405867347e-09 9.961350026365595189e-01 2.797110203691244321e-81 1.005148050325012706e-113 1.318617099281944686e-79 6.018212502031008658e-95
0.000000000000000000e+00 1.270578309974963310e-194 4.289892614744127787e-186 4.219795048862233236e-122 7.160791940835748246e-130 7.246732872993903430e-23 1.000000000000000000e+00 1.642968323638002583e-64
0.000000000000000000e+00 6.886564826135923955e-184 1.973172165379147209e-173 7.792636338782383527e-178 2.800218080151508082e-01 7.199781919848493583e-01 1.113971839562085574e-39 2.521189566691675564e-86
2.169610558877219209e-260 9.999999999997316591e-01 2.683825960320844756e-13 1.063047217889290967e-52 1.906829699978740062e-172 4.520244362462190696e-95 2.294461722738402206e-143 1.082812616192050086e-165
