1.875052230727110968e-172 2.332156820707787497e-14 7.595305887939832210e-21 9.999999999999766853e-01 9.691940635340161979e-73 8.449552623649892163e-100 7.242371462498588895e-86 1.632790328080596215e-111
9.909312999982774932e-253 8.052838832401397056e-83 1.692897242783966040e-106 9.380441537149875463e-75 9.999999999990608623e-01 6.707483248228520728e-17 9.390817238402092345e-13 4.757378769104944548e-32
3.846120017558787192e-259 1.530612307357405662e-68 4.090405789441528672e-92 1.288161075226419826e-66 9.999999999997637445e-01 1.816757686250280868e-16 2.360675054505447278e-13 1.456746604241096103e-32
2.621609084163972453e-145 5.684266262865228266e-11 1.294875761680197652e-17 9.999999999431573583e-01 1.145786973728802128e-59 9.404212156285542363e-91 6.313971235270769205e-76 4.682319866280536792e-100
4.978470387406705349e-116 5.000000000001985079e-01 4.999999999998015476e-01 5.333618819451145340e-28 5.642952107469782002e-82 1.326861492453709629e-122 5.746689350674091550e-109 5.961185584638717821e-105
4.608325043498348703e-159 3.690764152954019825e-28 2.791134859445179797e-16 9.999999999999996669e-01 4.643325085361516076e-72 1.143934067325131032e-121 1.652881002654801772e-94 1.056228155092076773e-106
1.000000000000000000e+00 3.701884834701657439e-74 1.412786344522623945e-80 3.914011928624887918e-90 4.995887480902905638e-233 0.000000000000000000e+00 1.239116094854796108e-277 0.000000000000000000e+00
0.000000000000000000e+00 5.779510297182339526e-100 8.944570381001568061e-103 7.526486351269852191e-64 4.536427959533316997e-16 9.999999999996018740e-01 3.976385003676865810e-13 1.282785354659207499e-24
7.628541847218357354e-143 1.952870331056288202e-13 9.999999999998047118e-01 1.572585540378725138e-28 5.437977823463673368e-76 5.265697705161377211e-115 2.434411398856569968e-102 1.468390671156359328e-132
1.400820768721236560e-242 1.399125352352199807e-71 2.486653517714985396e-67 1.927768561355026983e-58 9.999999999998048228e-01 1.325649374815346687e-28 1.951372317017085768e-13 1.039610497900731648e-37
5.697107641880362175e-245 4.317224476477396061e-85 9.994783809547767104e-78 4.433517332917905782e-56 9.999999999999998890e-01 1.190860175321931933e-24 1.498014027396618422e-16 1.415287092524142397e-44
0.000000000000000000e+00 2.226509921678965855e-198 2.226509921534312095e-198 9.111139236435235221e-147 1.258842962475281470e-33 1.331725202862685508e-30 1.952870331044379558e-13 9.999999999998047118e-01
1.266685502807787890e-319 2.198273965301434088e-97 1.324121188879274996e-103 4.463378346920756615e-74 2.739274543775967529e-42 1.000000000000000000e+00 6.247995195227605327e-21 2.339797449378020694e-30
0.000000000000000000e+00 1.440795451727901679e-105 3.007001680381670790e-116 3.596405434902768461e-118 1.409181328613135860e-29 8.266364536750544777e-33 2.305304192403937180e-21 1.000000000000000000e+00
0.000000000000000000e+00 8.786809595068446653e-108 5.305593444113569005e-114 2.166346388887578879e-150 4.870745830437274420e-34 1.629328920398250221e-29 3.942691003084759925e-21 1.000000000000000000e+00
1.000000000000000000e+00 9.282708651287552013e-111 1.529984992638613620e-114 4.359964351951766501e-147 1.327083511476596822e-305 0.000000000000000000e+00 0.000000000000000000e+00 0.000000000000000000e+00
3.161387425719782951e-300 2.995708143798333429e-131 4.194467869331210250e-158 3.174542883497022878e-108 1.980484091334198478e-09 2.285733338982553347e-18 9.999999843723421655e-01 1.364717366170436378e-08
0.000000000000000000e+00 8.311472505726574964e-95 2.485868660369136270e-128 7.896114699361176258e-118 2.130729098293187490e-16 9.999999965326001883e-01 3.467378426389825958e-09 2.108767826833561851e-14
1.947246882217518678e-124 4.999952428340173616e-01 5.000047571624200993e-01 3.562530576077775642e-12 3.465397738715626725e-75 1.115296800219550131e-121 6.945319705937041024e-104 1.261319610987485663e-138
1.127677623872060405e-118 4.999952428340411204e-01 5.000047571659588241e-01 5.092058877583545900e-22 1.565752636538151654e-53 4.844597054219041350e-131 6.374720389204957520e-82 4.870327465994142219e-117
0.000000000000000000e+00 4.438126424279066463e-115 1.103300296651230137e-146 9.290353474601693911e-110 9.297292686768431344e-14 9.283706086365622606e-14 9.275077979944950091e-01 7.249220200531905633e-02
1.300768582196672275e-263 1.277352751221492432e-69 3.262042675813971763e-88 1.718283680104016913e-83 9.999875528479563735e-01 7.790523611641841132e-17 1.244715204366953784e-05 1.046468928300298371e-24
3.162561385842180275e-90 3.625320832884847133e-02 9.637467916711515148e-01 1.929005432001224495e-18 3.973811327183830792e-77 5.480027543820951321e-98 4.900254991508455526e-113 5.338122603563292846e-148
1.603181544152251250e-145 3.625320794802947000e-02 9.637467916710368288e-01 3.809337703707465785e-10 2.332626379457055156e-60 1.709974337347158287e-85 4.054649028508305800e-82 1.568113858202558674e-105
1.630627211468629806e-129 3.333332925790937762e-01 6.666667024602992431e-01 4.960606989055450242e-09 3.250447689327662175e-67 1.031577219995643666e-76 5.054291787098920053e-62 1.517567000836107252e-88
0.000000000000000000e+00 2.361902826517091308e-168 2.361902862042067407e-168 1.347155793374432939e-128 5.644381165267995894e-36 5.700506809317376640e-24 1.174081309328670276e-07 9.999998825918690049e-01
1.142748286206839888e-125 3.333332975396963160e-01 6.666667024603010194e-01 2.642600973132151921e-15 1.313217675494498692e-89 2.531088959107127011e-141 3.992030976285572319e-94 1.171486473456689001e-129
8.642052778273067221e-106 3.333332974866960452e-01 6.666667024603010194e-01 5.300291977856900724e-11 1.612680863682727524e-104 2.706172360567581769e-140 1.086805492828169293e-113 4.881685793963795803e-155
1.000000000000000000e+00 3.622817867769259799e-165 7.981005900592056774e-166 1.106186094430489213e-187 0.000000000000000000e+00 0.000000000000000000e+00 0.000000000000000000e+00 0.000000000000000000e+00
3.941868307860420030e-230 4.757020817263327905e-109 2.415741314248870245e-17 1.000000000000000000e+00 1.413850918032795316e-164 1.083639885001106540e-218 2.002305464110767514e-114 5.581385715595700598e-153
0.000000000000000000e+00 7.131131356720964957e-169 1.048753920281292463e-183 3.738062020848401893e-118 4.757020813526511180e-109 2.394052863897778429e-140 4.188869422387797182e-09 9.999999958111306375e-01
0.000000000000000000e+00 2.473052910809718559e-121 2.734295286735554948e-136 4.757040836579292321e-109 3.738062020848401453e-118 2.741663047040774309e-178 9.999999958111305265e-01 4.188869446545209098e-09
1.782353432609658866e-80 5.000000504138805146e-01 4.999999495861194854e-01 1.841712702314987663e-28 7.337499661810844218e-120 1.458258516234277282e-147 7.815301689957713429e-157 1.679615721316846588e-198
2.031301357469961164e-88 5.000000504138782942e-01 4.999999495861194854e-01 2.210631235541161308e-15 5.948694306663421601e-114 1.067041135408802443e-159 3.531752895072622329e-148 4.327645662814231328e-191
0.000000000000000000e+00 7.497438056962529120e-98 2.247092090254545724e-97 1.226958920700396600e-70 1.231009823515238793e-12 9.999999998573534388e-01 1.414155030145785768e-10 2.108127819389403179e-21
3.776382759546394954e-96 4.999996820914935358e-01 4.999999490166218141e-01 3.688918845804592063e-07 6.912072297174536236e-80 1.054483672437586072e-108 2.083583451111964270e-106 1.043651313810715726e-130
1.000000000000000000e+00 6.073186700114533032e-111 4.574211984555295255e-113 3.482632493787417663e-146 1.600607943288297081e-255 0.000000000000000000e+00 1.324933372124241651e-317 0.000000000000000000e+00
0.000000000000000000e+00 1.079332709368912508e-141 6.972163922789331797e-147 3.985651611448809093e-117 9.890671944590131881e-22 8.731845063283307368e-18 6.076473994006774230e-03 9.939235260059932076e-01
1.000000000000000000e+00 3.133861716318296445e-125 2.360366728138267270e-127 4.513130717862453933e-172 6.430449021091051682e-251 0.000000000000000000e+00 6.121027700660245083e-311 0.000000000000000000e+00
0.000000000000000000e+00 3.920951109788242889e-102 2.268819758577156684e-108 1.601633213071643477e-78 5.509684450601392104e-22 7.850798458205529568e-06 6.076475604884036541e-03 9.939156735966578893e-01
2.662821000586212084e-211 4.435283057625000823e-52 5.160283634510095993e-76 2.630125524939988491e-68 1.000000000000000000e+00 3.179653857401186438e-51 4.734195013840638507e-25 3.176311664137365284e-40
1.907241183815829569e-209 6.944369106297649870e-36 8.079504620314218933e-60 1.204801229649874997e-52 1.000000000000000000e+00 3.996795582205118336e-31 1.334573881096909987e-24 1.568191304076777765e-37
0.000000000000000000e+00 5.770588336804083935e-80 5.770588334255589066e-80 7.301912419960807948e-105 2.979017572342484209e-26 1.000000000000000000e+00 1.626404579273424556e-35 6.414911995930193885e-32
5.750099661973043517e-134 1.000000000000000000e+00 5.018987184121193278e-25 4.477783635289421544e-42 1.763190631034492414e-62 1.936620397764711034e-81 3.392830264674771008e-76 5.086378301909752732e-90
0.000000000000000000e+00 1.176669893070536715e-108 9.778802134265705675e-106 1.021506972224902824e-92 1.196370391011088873e-09 2.752924907671090791e-12 9.999999988003559492e-01 5.207922134571974208e-13
6.136412083001833322e-284 2.686572287050949079e-114 1.657142694602952204e-113 3.415326448025763913e-97 9.999999997616231262e-01 1.207280457546264247e-40 2.383769315420860168e-10 1.542382107376424237e-23
6.564407987884625618e-255 1.336158303618216565e-56 8.241739105063037551e-56 2.857832838192541261e-42 9.999999990125527649e-01 5.387671991062546221e-29 9.874472762126005562e-10 1.493927155449030411e-26
0.000000000000000000e+00 1.236789800411577479e-84 7.684875095335263980e-84 5.562632101966390331e-64 2.925851212725165420e-11 3.002541784695313293e-19 9.999999999679847207e-01 2.756790465354902685e-12
1.473031270734044379e-69 5.120585720904630156e-01 4.879414279095369844e-01 9.273306175649732903e-22 3.280355243770166429e-100 1.622196127547867325e-130 8.258776078946401733e-132 4.923393074392026519e-177
0.000000000000000000e+00 1.507909408179547037e-80 3.720563923732226906e-84 1.729024085609236371e-100 1.281529512956759383e-10 9.998133085650323659e-01 1.866913046138627037e-04 2.200811808699158022e-12
0.000000000000000000e+00 6.633900505979955650e-112 2.260001626051078759e-115 5.883236692974138025e-80 6.262473264277856844e-13 1.362671478469187504e-11 9.760530767384953954e-01 2.394692324725171059e-02
3.632114070628530317e-119 5.120585720904630156e-01 4.879414279095369844e-01 7.509087003427099662e-18 1.298093639337644401e-101 3.518977418716213416e-135 6.338423263113822056e-130 1.339842702330396972e-171
0.000000000000000000e+00 1.451730777742236374e-154 1.155381199570316367e-177 5.626555642881357969e-117 1.947226165946720985e-22 9.348383171108426484e-22 4.256002914317271202e-06 9.999957439970856843e-01
0.000000000000000000e+00 6.631597692664094753e-159 2.581909083579252640e-172 3.361303805376624774e-124 1.537982225721749610e-07 8.608080734230093609e-20 9.999955901988631934e-01 4.256002914317178875e-06
1.000000000000000000e+00 8.841157317168859568e-111 1.242850296322831080e-112 1.518559659003098887e-163 8.714545665119411757e-278 0.000000000000000000e+00 0.000000000000000000e+00 0.000000000000000000e+00
3.890382264562906911e-239 6.832886640732462428e-59 2.660277794145347746e-72 3.158741017904184089e-56 9.999998462017773981e-01 1.414028077195948130e-22 1.537982226023914585e-07 3.093231297918418169e-21
1.000000000000000000e+00 1.833577087473841151e-110 1.833577087169807585e-110 6.902661459670557423e-169 2.701617734829236591e-270 0.000000000000000000e+00 0.000000000000000000e+00 0.000000000000000000e+00
0.000000000000000000e+00 8.521881434388711511e-105 6.707775264026030693e-117 2.680667270808019043e-154 2.330534406098560619e-15 9.999999999999586997e-01 3.897807151399240301e-14 2.774666290053712860e-20
2.450805528726623856e-105 9.999999999975408560e-01 2.459060278872313138e-12 6.744381357108800915e-28 1.074397786052568173e-80 5.448325443128092979e-107 8.602905904016926465e-109 1.093990125615002178e-142
8.708981834646589257e-292 2.931235976763040591e-73 6.811178924273055045e-88 9.486415787669209054e-106 3.897742870405181741e-14 2.388237506593254008e-12 9.999999999975432985e-01 2.951416676331542413e-14
0.000000000000000000e+00 1.708434017033719326e-109 1.708434007578982585e-109 1.785884919892102799e-91 2.569279171951832673e-18 9.999994271044794214e-01 5.728955206227116264e-07 9.215058718026055524e-22
1.882312132543809064e-241 6.751696710284323170e-46 3.279421967844933029e-57 1.267615911518049980e-46 1.000000000000000000e+00 7.870369202786560477e-26 2.572340815601157037e-18 1.124681838885704664e-34
1.153472527320209897e-123 5.784296715095750175e-07 9.999994215703285061e-01 1.389723321111833716e-24 1.103801080253586522e-68 9.779575599254517876e-103 8.885812539361387071e-78 9.084559735143210334e-102
0.000000000000000000e+00 6.752749337802235848e-94 6.752745469183808768e-94 1.214889923459304246e-112 3.489423840016030388e-21 9.999999944658490847e-01 5.534150884293436047e-09 7.526289254869362046e-23
0.000000000000000000e+00 2.311185431726707274e-144 4.268400618958945556e-139 3.287661814054793466e-115 3.108747958480024988e-19 9.999999999999924505e-01 7.501117617799471255e-15 1.860712644769824420e-19
1.209240230846746540e-289 2.928498199665639897e-100 1.541672790768855198e-107 8.339334404880818830e-83 9.999997887627296578e-01 4.551703742137415958e-18 2.112372703442404905e-07 7.414892330499702369e-28
1.358916751817418119e-304 4.320621049381870552e-82 2.477729128535029709e-88 4.125643136002286986e-67 2.112372701637147936e-07 2.660069507584327202e-15 9.999997887625374782e-01 1.897195376136465170e-13
0.000000000000000000e+00 4.572536698024144554e-148 6.155629846820599677e-151 4.297687901159633651e-119 1.654510000094116752e-29 1.773079352305955419e-17 1.948907124346471002e-13 9.999999999998050448e-01
0.000000000000000000e+00 4.275723406633638820e-112 3.105201999066508301e-113 3.473335354216358552e-79 1.273787402548079730e-10 9.299406411313619756e-25 9.999997667335703833e-01 2.331390508324670809e-07
0.000000000000000000e+00 1.213721134872641251e-100 1.099636408778860498e-105 3.021110246953571211e-71 1.734046136841568555e-24 2.837859786612632401e-19 2.331399559520680808e-07 9.999997668600441036e-01
5.516082833988992089e-239 2.703461702088516357e-73 1.961111574014536239e-74 4.050620996897434294e-56 9.999999998726213368e-01 2.757829530184646218e-32 1.273786103858237815e-10 1.688728444176922558e-26
0.000000000000000000e+00 1.937457640384189927e-108 6.013910733723387609e-103 7.005216657849026722e-96 4.393721272888644726e-23 9.999999999990947241e-01 9.051203431069265283e-13 1.301545560979424485e-16
2.389552081576713515e-98 3.113314600196651627e-01 6.886685395699517764e-01 4.103831306416246331e-10 6.161323964905745468e-85 2.393112369747635851e-129 8.375537719127926381e-115 7.628491368425899190e-157
0.000000000000000000e+00 1.593077673105017058e-95 4.535987951349545468e-120 5.144565040567950788e-113 1.288884939062647979e-20 7.972147010723886163e-09 3.113314604368470628e-01 6.886685315910058280e-01
0.000000000000000000e+00 2.157361894288838383e-145 2.413546087634772824e-149 1.406614825313151918e-149 4.827791873629703354e-26 9.999999999989439559e-01 1.123991507806258989e-13 9.437030371773386173e-13
1.000000000000000000e+00 4.380845561555773009e-143 3.432083799985625998e-143 6.232606959293643782e-165 1.294576559390042348e-239 0.000000000000000000e+00 3.858397985800358226e-306 0.000000000000000000e+00
0.000000000000000000e+00 1.091728432054946512e-77 1.091728432054946512e-77 5.072719609268765496e-49 7.224847576169651272e-51 2.896316450613809196e-31 1.603107894066059349e-12 9.999999999983968380e-01
1.000000000000000000e+00 9.518052910708804633e-118 5.164669697443421589e-118 1.344637538523515388e-160 5.624303557009970616e-308 0.000000000000000000e+00 0.000000000000000000e+00 0.000000000000000000e+00
1.737436992214596390e-172 2.735359268750305620e-11 9.999999999725865951e-01 5.983041685795719086e-14 5.325831810794244150e-130 3.858265845099468743e-149 3.996834953233167063e-154 2.469597807659198834e-191
7.571432413980751170e-153 5.652452400319033156e-14 9.999999999709900944e-01 2.895339468871434432e-11 1.757202522450827552e-97 2.607839143526499602e-136 2.672513805559153180e-122 2.997765227879678774e-161
1.000000000000000000e+00 5.230066215803436995e-101 2.201044148286381140e-106 2.885859638854707213e-150 1.784183466715875209e-263 0.000000000000000000e+00 0.000000000000000000e+00 0.000000000000000000e+00
0.000000000000000000e+00 8.779927780945689679e-121 2.308691649272023327e-141 8.010131639825890969e-152 4.112625658548843447e-29 9.999999999998862021e-01 1.138433123768603438e-13 6.479843675034788539e-27
0.000000000000000000e+00 5.971427238832973677e-121 1.791361534261936860e-140 5.884850243248557770e-150 3.605164885532992844e-30 1.000000000000000000e+00 2.086376108854959134e-20 5.042056991308686867e-33
2.509031837258588051e-141 1.138433332406207737e-13 9.999999999998860911e-01 7.015464065772854108e-28 5.514771203936966044e-93 6.814744989921050154e-122 1.948118084639187236e-101 0.000000000000000000e+00
3.653931319836090059e-256 5.138844630551518475e-58 5.138844630550074518e-58 1.854823359706283941e-55 1.278466764313720416e-01 2.385874684609631983e-16 8.721518088092121701e-01 1.514759415718151526e-06
4.315385135815462315e-89 6.860718442568138897e-01 3.139281557431861658e-01 9.664614209589411982e-18 7.701000586657524312e-82 3.749753456524712977e-89 2.221861743022940760e-105 5.084569076560717685e-145
2.660837974713796743e-104 6.860718442568136677e-01 3.139281557431860548e-01 3.604198808843925221e-16 4.799326423430568268e-65 2.025803808000143408e-82 5.022719720812359654e-78 1.048596893272533460e-106
2.217844280582697356e-52 6.860718442568138897e-01 3.139281557431861658e-01 1.078572667972596616e-27 8.277494213029844559e-110 3.158911009997645587e-132 8.877444794260523322e-138 7.979557359794275661e-188
0.000000000000000000e+00 3.991332081528183911e-105 2.032087745767344642e-118 7.932376985711430721e-114 1.633648895848686289e-26 9.999999999999998890e-01 6.073631919764443755e-29 1.316839997681892753e-16
1.565171496526370980e-279 2.453639462801713175e-112 7.544155623828748333e-104 5.882196900727816100e-76 9.999999997020244669e-01 2.290235278739994776e-32 2.979754761450904140e-10 1.725150613329893259e-35
2.151679113195440636e-251 6.551174992066053997e-98 2.503036672417279266e-89 4.788629331471236282e-74 9.999999992482290212e-01 1.481544641537511375e-28 7.517709282699150292e-10 5.114970879207538965e-35
0.000000000000000000e+00 8.739219312313378209e-117 3.390513534149843902e-105 8.304121679776266922e-89 1.049746536098748961e-09 1.743458566048727720e-28 9.999999989502534881e-01 1.633652740416223092e-26
6.876792064708768728e-143 9.199215752129300408e-11 3.946387500959702791e-10 9.999999995133690422e-01 4.067313204274989853e-44 2.069765275164357301e-80 2.588751013284594551e-60 7.815116398137668832e-94
2.332487990245532939e-298 3.347030430400322850e-78 6.257744197769013198e-78 1.852702217720795212e-70 2.093969872559335653e-04 1.694068873819525605e-15 9.997906029964949148e-01 1.624745260475812877e-11
6.182805354339269068e-115 9.999995692122723989e-01 4.307877275662173003e-07 1.430428007433804160e-17 3.521954906675504344e-60 4.658233281296664613e-88 2.091834844361137801e-83 8.899867347267922991e-114
6.158366909584600512e-301 3.946951110230449966e-112 2.774220032266921469e-108 2.487332098911565145e-56 9.998045433621312039e-01 2.887566481947818770e-10 1.954563491121696136e-04 6.896408732416128371e-22
0.000000000000000000e+00 1.023550753609255161e-154 6.736331836110432236e-129 1.130908368724633905e-129 1.401979797616812975e-136 2.157990494058221490e-23 9.999996602695901959e-01 3.397304098268825497e-07
1.000000000000000000e+00 5.154533125187190572e-142 8.394806161489569929e-144 2.993069057262366039e-170 1.270431591139894196e-292 0.000000000000000000e+00 0.000000000000000000e+00 0.000000000000000000e+00
1.601398529749107546e-264 3.397304098268824967e-07 9.999996602695901959e-01 2.157990494058221490e-23 1.643991064928884706e-194 1.130908368724634065e-129 6.736331836110432236e-129 2.891379915474692140e-161
1.000000000000000000e+00 8.608359458862269735e-135 1.401979719025467199e-136 6.082718919784778498e-158 0.000000000000000000e+00 0.000000000000000000e+00 0.000000000000000000e+00 0.000000000000000000e+00
1.000000000000000000e+00 1.524736000518613169e-127 8.972794429227929542e-129 1.294477295676300704e-176 4.463670740588880561e-281 0.000000000000000000e+00 0.000000000000000000e+00 0.000000000000000000e+00
0.000000000000000000e+00 1.104129241805159340e-102 1.048687251207844019e-105 4.188903972836099898e-64 1.874818337264453056e-54 2.389785334316936526e-85 1.049186286583605175e-04 9.998950813713416430e-01
1.000000000000000000e+00 1.358534775306887548e-94 7.994730405552098385e-96 1.410688004821983131e-136 8.955997056502244514e-295 0.000000000000000000e+00 0.000000000000000000e+00 0.000000000000000000e+00
2.803656121877611686e-196 1.874818337682940763e-54 1.587138017354786832e-15 9.999999999999984457e-01 7.230685361542063169e-58 0.000000000000000000e+00 4.110335629329170097e-77 3.516856070147050099e-109
3.326726949192372467e-89 9.999999999999997780e-01 2.746170787903197624e-16 1.745809128447307471e-27 1.115303925785850252e-100 4.352541246914353456e-141 5.724219167886742833e-136 0.000000000000000000e+00
0.000000000000000000e+00 2.751564110666653915e-66 1.375785605552151240e-66 2.355294781343770249e-79 2.883080633322181908e-17 1.000000000000000000e+00 2.771309690099930927e-22 3.127833112989890528e-21
2.755770301580227227e-131 9.999999999999997780e-01 2.746166840405793983e-16 7.638654748696423701e-22 8.049748296765738627e-50 1.349989268623204844e-103 7.099677956423962901e-65 8.501131473224869759e-94
1.000000000000000000e+00 9.538400271091040843e-116 9.675884511257714069e-116 9.172720325803161752e-140 3.826425659297548658e-237 0.000000000000000000e+00 4.373550789963984291e-296 0.000000000000000000e+00
2.640329343582068573e-284 6.029243484334059298e-63 6.022405967306856806e-63 1.352347363064103120e-37 6.887757126522892126e-06 2.544181636161950617e-18 9.999891066473818313e-01 4.005595491618701747e-06
2.292062658372682403e-163 3.333272078205709033e-01 6.659069712424932064e-01 7.658209369358845182e-04 1.364686451766067658e-64 3.051272401786220229e-91 1.649968572314186988e-74 3.946363968756552251e-89
8.749711629202781202e-114 3.337155530739729370e-01 6.659093281281666110e-01 3.751187978605195371e-04 4.380495352188147335e-94 1.970988375325315031e-135 6.108947859496080308e-121 1.877319223734773134e-155
6.564215424566349458e-115 3.340884089538009860e-01 6.659115909859627536e-01 6.023633618393143662e-11 2.663206512876973153e-95 3.462760787611182545e-156 2.519216811822138261e-115 7.390541913033416165e-147
1.016776912155409034e-163 6.484250630618366161e-17 1.296848848788299563e-16 9.999999999999997780e-01 1.360586430102986090e-73 2.891070733885546547e-112 9.183903108234657978e-90 0.000000000000000000e+00
6.466339476504698670e-97 9.999798443203291587e-01 2.015567967085157828e-05 2.370319460505803181e-24 1.805290877478391855e-104 2.191164937186934664e-112 1.563688071985878723e-124 2.046237798978241031e-159
5.317265860476497465e-309 1.023481130573663978e-90 6.119100703765380855e-96 1.720006176483711226e-84 2.015569733425851600e-05 2.148860889579306384e-13 9.999798443024491279e-01 1.615423567343144551e-15
1.796153819358087184e-130 9.999798443024862094e-01 2.015567964933102913e-05 1.786443390721357462e-11 1.667749154253837667e-70 8.191061574088334066e-93 2.156433375795780848e-78 4.742649292044543710e-108
1.993569308149377378e-269 7.017134592038209790e-30 2.461047957148611047e-36 5.751492433479712196e-43 2.767916946003846385e-15 5.325187647600980038e-12 9.972166274463534208e-01 2.783372548318530006e-03
2.864721283753940736e-100 5.013915978592975442e-01 4.986084021405425282e-01 1.599450848871110612e-13 6.725819411942868272e-99 3.838790662200810065e-146 5.237493477331383000e-130 0.000000000000000000e+00
0.000000000000000000e+00 5.049222883745379387e-131 5.021174296865183874e-131 8.751288572077746308e-116 1.809349326917692346e-33 6.618625195058970810e-16 1.768240798889941830e-07 9.999998231759195111e-01
6.659344681228284284e-149 1.265786223752375379e-20 2.292823398866099019e-18 1.000000000000000000e+00 8.595263065522975005e-69 2.467113491888443837e-160 8.699457708195338957e-98 3.759926334893293211e-129
1.314193552654704169e-303 2.231225829280042969e-119 6.519925284045114522e-123 1.594583543156637250e-102 9.999999999997496447e-01 1.301675176212552530e-20 2.503278784851826727e-13 1.352428433805286449e-32
7.953035208329514302e-214 2.679390358048777114e-51 7.831221199770613840e-55 1.172463786317442373e-49 9.999999999999990008e-01 1.023533382054748634e-15 2.805914991830934552e-18 1.025276920115899313e-32
0.000000000000000000e+00 4.747890810601708679e-96 5.393402825153561748e-88 1.118706197924932202e-69 8.783897448897780713e-36 1.012250127624036496e-13 1.492733976685764719e-13 9.999999999997495337e-01
0.000000000000000000e+00 4.073454601528233945e-96 1.838875309173908748e-96 1.427011251918928992e-65 4.124119437706928961e-31 1.662670629216417474e-27 1.499614894534069333e-13 9.999999999998501199e-01
1.000000000000000000e+00 1.997396017649207599e-102 7.916859285088661352e-120 5.932648178567929177e-161 9.380771722398783262e-304 0.000000000000000000e+00 0.000000000000000000e+00 0.000000000000000000e+00
1.000000000000000000e+00 1.563531414761562649e-139 6.197197796084129683e-157 1.793313001008764437e-186 2.206884245571595299e-248 0.000000000000000000e+00 1.932237937204428079e-309 0.000000000000000000e+00
1.772230608955092190e-118 1.160841601194404384e-37 1.000000000000000000e+00 1.437626812963644269e-35 9.054990276246621099e-88 7.599158149590267381e-125 4.653896987352968165e-129 1.499404211116042847e-165
7.286893071422164553e-155 1.023357773050330904e-37 1.978668004410665013e-37 1.000000000000000000e+00 2.780340554241540224e-53 5.811610722007298265e-112 1.859600203265316586e-83 1.474965736204057233e-125
0.000000000000000000e+00 0.000000000000000000e+00 0.000000000000000000e+00 2.657692272203490122e-108 5.342707992098442641e-13 9.999999999994565458e-01 8.060599241278878825e-17 9.139027037136789372e-15
6.672813776889823994e-261 3.546360366816283244e-76 6.567466352467563402e-71 5.576264613015642487e-69 1.661339036614232952e-08 3.578196971907002004e-20 9.999999833860758747e-01 5.338440299277360186e-13
7.234206089892424937e-275 8.359491083284962682e-111 2.688559443628896285e-107 4.504410295483702439e-87 9.999999842252536020e-01 4.315393227087414523e-31 1.577474638753345762e-08 4.874539139564943076e-33
0.000000000000000000e+00 4.287404096870031406e-87 1.432770900355757812e-89 8.316410138345175216e-76 8.673312629415350409e-22 9.999999991613632844e-01 5.073514159856702549e-16 8.386361388889070969e-10
0.000000000000000000e+00 1.331752507535883727e-99 7.714125877730482925e-107 1.804673461735583165e-78 2.293422121857624720e-24 8.486409583861587578e-21 5.792507141438598489e-08 9.999999420749285939e-01
6.399994954765713962e-317 6.288489530118382254e-95 3.533745678768628991e-102 1.012354263460186488e-59 2.855394846286274925e-09 3.430983948357782568e-15 9.999999970170121433e-01 1.275896491030505936e-10
4.551224203813893758e-164 1.730450247188884129e-18 1.281494935304358159e-16 9.999999999999998890e-01 1.099702346379352678e-46 5.418774328118291146e-70 6.962099737517470456e-62 2.131053024967527143e-85
0.000000000000000000e+00 2.029286209615643704e-72 6.551551088900676285e-80 1.138310364112052871e-59 1.424861657068167652e-12 3.868904528656208765e-15 9.999999126484951928e-01 8.735007616232849997e-08
3.222042211771683381e-103 9.999985655066551127e-01 1.434493341808595729e-06 3.018037287774744205e-15 2.791396757640718995e-71 4.126449902758924426e-96 7.393774179841544964e-94 7.625018967798772820e-131
0.000000000000000000e+00 6.100309730990892084e-133 2.096304139859125919e-135 4.280724759257185630e-162 2.361406966001669162e-28 1.526476861997485629e-06 3.837051682998646496e-09 9.999984696860862998e-01
0.000000000000000000e+00 6.609855478100102301e-82 1.174828262564647118e-102 2.604742806492169324e-90 1.506229640416868390e-08 5.078267194122282680e-10 9.999985896840555277e-01 1.394745821344767027e-06
1.000000000000000000e+00 7.966767179472524711e-117 7.918748660769856774e-117 1.070488679834358754e-152 1.068726240071627655e-269 0.000000000000000000e+00 0.000000000000000000e+00 0.000000000000000000e+00
0.000000000000000000e+00 1.214496979452085102e-90 7.959703025856810517e-96 7.015228436128280995e-105 2.025412082236603539e-27 2.233689812276790906e-22 1.649313070657593082e-14 9.999999999999834577e-01
3.965788282778719464e-259 2.694156448489034562e-81 1.802418085342098004e-86 6.359391949040280593e-69 9.999999999998806510e-01 1.564121313201028997e-14 1.037741925268276402e-13 1.155229433481039563e-31
2.274937120559695154e-112 1.026223889324045298e-13 4.550879220594647761e-17 9.999999999998974154e-01 7.634564642868998007e-82 3.621746887574063101e-198 4.059574549087034943e-108 4.385494968132497850e-147
0.000000000000000000e+00 6.409106965238103334e-130 2.221713555218395413e-133 2.444718861857938698e-107 8.394586469358738844e-31 1.776696958601880395e-22 1.406182503034290607e-15 9.999999999999985567e-01
7.559025142957011818e-253 3.652448428260602217e-75 3.298027819852632088e-75 2.842151816775940582e-57 9.999999999986679544e-01 1.302484659757592120e-12 2.957828985071226773e-14 5.463869736756637575e-22
1.000000000000000000e+00 3.048576819159876567e-121 2.686267282304426603e-129 1.425364166972098912e-178 5.806651377190634234e-255 1.455122140131639322e-318 7.855643768875820052e-321 0.000000000000000000e+00
6.706172489876850596e-202 9.959196004686875832e-45 8.992791036457128382e-45 2.119987909822453716e-61 9.999999999999507061e-01 3.109655254539943113e-21 4.923940763491936932e-14 5.577387606342618935e-24
1.013007683819685414e-124 1.323631722028416326e-12 9.999999999986398658e-01 3.652355907635290195e-14 3.716013555002564100e-42 3.708101048476258744e-91 8.373974578350151241e-70 3.945421611096183844e-101
1.000000000000000000e+00 2.217875911310618629e-124 9.879879900435256470e-124 7.192691672650599865e-157 3.930287867742878226e-278 0.000000000000000000e+00 0.000000000000000000e+00 0.000000000000000000e+00
4.940656458412465442e-324 2.113676996495174381e-82 9.600521650179339837e-82 3.188093016494778599e-87 1.943691273323675183e-26 2.660101274540088663e-12 9.999999995039856593e-01 4.933541827421440205e-10
0.000000000000000000e+00 1.014578462040319788e-81 6.888155064578189442e-79 1.824597589317917625e-88 7.516530747433862593e-26 4.191774077656738782e-14 9.999999211570208546e-01 7.884293732711164017e-08
0.000000000000000000e+00 2.188344137548105113e-150 6.200091544512986229e-154 1.093968556121251670e-111 1.698724400484006282e-40 3.437755930406300459e-27 7.933358949083847250e-08 9.999999206664104134e-01
1.102353077826527606e-271 1.149091479545643375e-74 1.148841359302563515e-74 1.611618123773171906e-64 9.999999552502165656e-01 1.711383965769364062e-17 4.474978345204946072e-08 2.291377210604302023e-26
4.870891041934407811e-298 3.601589592949038573e-99 5.385191359428331015e-96 5.504329610178221218e-77 1.949103282902818502e-11 5.989189678068344561e-15 9.999999870889784148e-01 1.289152448424977922e-08
6.263456565366925015e-138 9.999999871084684910e-01 1.289153134007011123e-08 1.333582273438006451e-16 1.046764833801328424e-40 2.482557217931018550e-73 2.616430480599138105e-62 3.997301253202113455e-80
9.595990006351611004e-319 1.204446072355275780e-96 1.799009172883242159e-93 3.087775300183280573e-88 5.762181790220907311e-08 1.250025986760949284e-18 9.999999423781812391e-01 8.482668213625080886e-16
2.272874323776860475e-259 4.193969197285893643e-78 1.563590912337783693e-78 2.459028148706874701e-63 9.999999995303611167e-01 2.782021158046423987e-26 4.696389291747291755e-10 1.316723660352117498e-23
0.000000000000000000e+00 5.042842461897207001e-142 5.043454472842846449e-142 1.564132765649022263e-115 4.694138248236842961e-10 2.263916594276046847e-13 9.996312320744180635e-01 3.687674559416782806e-04
0.000000000000000000e+00 3.887558400575231217e-97 7.521053944907685090e-101 4.615793221641881388e-95 1.251225027838333023e-17 9.999999185585367600e-01 8.144146320768226779e-08 3.843141533001913453e-17
2.412886202369169609e-108 3.688488976288469196e-04 9.996311511023709961e-01 7.963043865250520492e-17 4.281270412987517966e-110 2.727250562375852299e-138 3.548479334411999907e-145 0.000000000000000000e+00
1.000000000000000000e+00 3.001445306245938787e-130 1.293868645794750158e-131 3.910594429715508808e-208 9.324081206977442388e-285 0.000000000000000000e+00 0.000000000000000000e+00 0.000000000000000000e+00
1.603177285024226470e-313 7.062728210611042938e-103 1.602245718677495633e-117 9.187420435921923683e-106 2.398590017253567829e-16 9.999999999200059886e-01 7.999382796796727518e-11 1.462564259803593211e-19
0.000000000000000000e+00 0.000000000000000000e+00 0.000000000000000000e+00 6.647012138112728512e-173 3.799396157608961957e-18 9.999999995284347687e-01 4.715652196401053605e-10 1.546468047564070760e-18
4.860885231116539590e-96 5.515588483305926195e-10 9.999999994484388699e-01 2.267164189455941940e-15 3.274707424603452812e-111 2.407888750168576298e-132 1.997024840595228245e-135 6.834219884776455769e-188
7.122196585499903979e-182 4.592048240560282753e-59 6.938906294964298851e-22 1.000000000000000000e+00 4.462113645692615738e-77 1.400427037960498440e-110 8.578754302826538131e-99 6.438940353019274205e-131
5.086077760805620857e-303 5.798174198488665156e-71 2.008510277536943818e-77 9.578888353609178896e-59 4.592048436616375074e-59 6.155698732759411048e-80 9.999989560272505296e-01 1.043972749378489701e-06
1.000000000000000000e+00 5.574067890326301641e-112 9.908413704905509163e-114 1.603501611913549683e-143 1.376896962949443023e-274 0.000000000000000000e+00 0.000000000000000000e+00 0.000000000000000000e+00
1.000000000000000000e+00 2.563773803577635591e-100 4.557341602482581741e-102 5.031277142645661290e-172 3.162311211244305887e-290 0.000000000000000000e+00 0.000000000000000000e+00 0.000000000000000000e+00
0.000000000000000000e+00 3.533921088803971981e-114 1.969763872000139476e-109 2.825161233084626296e-88 9.182793592039818239e-26 2.734942166962393491e-16 1.080553620893239458e-05 9.999891944637908647e-01
6.861795268826861591e-312 2.921151018283459062e-88 5.178504490890296104e-90 1.805503309031576553e-69 1.095548235438076095e-10 9.999894852950954593e-01 1.051459534963906016e-05 1.430589008342071468e-18
0.000000000000000000e+00 2.348173126672670992e-185 1.308796738179845525e-180 1.106455071277735743e-118 2.591724283475166488e-33 1.315098749244734201e-34 2.390358260332173409e-10 9.999999997609640978e-01
7.620766478687976377e-295 1.207849763112123226e-62 2.142029720882947149e-64 1.998847885945875495e-61 1.216487600864654285e-13 9.999997087103064120e-01 2.912895717907025451e-07 1.725471778151455473e-16
0.000000000000000000e+00 1.762549031195312806e-154 3.877684333169905907e-161 3.347285597771018773e-144 1.283507945122983519e-30 1.847880835127067398e-14 2.446829150496012211e-08 9.999999755316900663e-01
0.000000000000000000e+00 3.374530864023066580e-128 3.063069059501420758e-129 2.996821338121165160e-108 2.779767551510110232e-19 5.266293582143948884e-20 7.111050881606703275e-03 9.928889491183932048e-01
0.000000000000000000e+00 3.200625562712174138e-118 3.052454838449559983e-120 8.735954082437922890e-98 1.176114406341919197e-16 3.008398347056839042e-14 2.620903070142986957e-01 7.379096929856712173e-01
2.887149785551276792e-101 7.306776432063093463e-01 2.693223567936905982e-01 6.385498811376686124e-17 4.417633978814858457e-81 4.979668299202335700e-111 5.743302971434885591e-121 1.429180704017263777e-156
1.029886108608704980e-87 3.333333002449636595e-01 6.666666004110625154e-01 9.934397386495682688e-08 9.527267553054719340e-95 4.249498985578431039e-118 3.380386970866105982e-122 6.703394882923533759e-167
1.749065171240561535e-134 3.333333995882787892e-01 6.666666004110625154e-01 6.586350109478138137e-13 3.708999641194991280e-51 6.466496063896568383e-76 4.977178387832269880e-63 2.199637951907847530e-93
1.059466005909208413e-139 3.333333995889374846e-01 6.666666004110625154e-01 6.056462291793685352e-19 9.145374782116104861e-56 2.980423698474920689e-59 2.999944281409336230e-65 9.785834030652054801e-97
3.627043148855104857e-107 7.754757258442656157e-11 7.754759569622726600e-11 9.999999998449047300e-01 2.748995655182863125e-69 4.682913987231216420e-166 9.507043372079997178e-90 2.195578184943946684e-137
4.288891841777229608e-156 3.278818850212928925e-17 9.999999999999783507e-01 2.167707461682122679e-14 5.753899099124663058e-65 8.569691595925467542e-76 1.215389570008695211e-65 1.820706712821597174e-81
6.563610258039841560e-119 3.278818850212218951e-17 2.169745318136205296e-14 9.999999999999783507e-01 3.360691897701322799e-65 1.476099682894377084e-111 1.115575362811249280e-77 1.565177204642867378e-111
5.818818869999979446e-206 1.737754664680527390e-42 1.604857014685503526e-42 9.040641336648455010e-45 1.000000000000000000e+00 2.269641989813931931e-32 1.593788116021731145e-17 7.596284722311159285e-34
6.668387132885822861e-198 4.382920892337235560e-31 2.900380445718041382e-28 1.000000000000000000e+00 4.435538990018158789e-53 1.325030243522308691e-89 1.243538097787554450e-52 1.691042559074010184e-70
4.843793715698000775e-124 9.988048567323746241e-01 1.195143267625111165e-03 3.079168221080301153e-16 4.212031712827683867e-80 3.979033002933288052e-113 5.081062720618837078e-107 2.563962277221613248e-137
1.613083272795338251e-264 0.000000000000000000e+00 0.000000000000000000e+00 7.424973760560461567e-68 9.999989257374564122e-01 4.651628058390075900e-25 1.074262543654737197e-06 7.321296003663678146e-22
9.123831973646507218e-124 9.988048567323726257e-01 1.195143267625110514e-03 2.274292456890645651e-15 1.756342300000999068e-74 4.977667019622791963e-91 1.974131776463142008e-94 3.059595384454370253e-131
0.000000000000000000e+00 1.022571804531987737e-100 9.945969035522754844e-117 1.805155748652301567e-81 6.663418943449359814e-04 2.339467638230415937e-15 9.993336580997126406e-01 5.940010978918559749e-12
0.000000000000000000e+00 3.897254930636760234e-134 2.600566164433794007e-125 2.240166706842297240e-80 5.967916927544124701e-17 2.870977470933230095e-08 9.999999712902252202e-01 1.010970710058637216e-25
1.610577475428317822e-127 9.999999712902252202e-01 2.870977471008491950e-08 5.174227751073038105e-23 3.460017735118472031e-60 5.225698683070271226e-89 1.593147775440953923e-92 1.046438308828958082e-114
0.000000000000000000e+00 1.484914761878858726e-111 1.573591923044705147e-111 2.313986084927597984e-104 8.070047595806749125e-21 1.000000000000000000e+00 7.155116868405809342e-20 8.012991362456290571e-22
0.000000000000000000e+00 2.808117320946956163e-170 2.975814402603225945e-170 1.508281539085684963e-175 1.546125567279910475e-24 9.999999999999998890e-01 6.734218008384917377e-19 5.893355107495054949e-17
0.000000000000000000e+00 1.123355228457938337e-126 8.193800887424582041e-126 2.793441513906146256e-118 4.938259728631418536e-21 1.000000000000000000e+00 1.545285929265088408e-17 9.292692265340675231e-24
3.681095181970179313e-176 4.839105792944779176e-27 2.967375208992350648e-22 1.000000000000000000e+00 3.272278572410110283e-54 3.238791296024695705e-89 4.372998152371396409e-64 4.195794148370061826e-84
1.846064086917044663e-158 9.999971035025265742e-01 2.896497473462048182e-06 4.176660957670407869e-29 2.654782195213970694e-45 2.855121829068257401e-49 6.936031837536397512e-51 2.027306950693728968e-68
0.000000000000000000e+00 3.712987996514002333e-128 3.719526328765811512e-128 1.733477895127517206e-88 1.381855710458609756e-09 9.999999986178670364e-01 2.772040270529979813e-13 5.380986939753960661e-36
8.713637153389605840e-111 8.659484739359551424e-08 9.999999134051524852e-01 5.743123282610671987e-17 1.140236673269767552e-58 1.547443173319621019e-130 1.135478078317318246e-80 1.793551562064209913e-132
1.000000000000000000e+00 1.838633195299876929e-108 1.769232713883744768e-112 8.619532820065809773e-149 8.468745009152673916e-264 0.000000000000000000e+00 0.000000000000000000e+00 0.000000000000000000e+00
1.725656294049026812e-268 4.300153261853756623e-58 4.300153261853756623e-58 2.475788338527895136e-39 9.999999134051525962e-01 6.122355538048620741e-26 8.659484739359551424e-08 4.179874602351291237e-53
1.000000000000000000e+00 1.063655651145150247e-142 1.023507233048944163e-146 6.830291890641397473e-224 3.431780677980051718e-270 0.000000000000000000e+00 0.000000000000000000e+00 0.000000000000000000e+00
4.406263418947247517e-155 1.085466951388581796e-26 1.618558880394435220e-12 9.999999999983815169e-01 2.576664874190489802e-81 7.326437469093853532e-109 1.977323756424861413e-112 3.825304673217819602e-150
4.760541276253163968e-149 2.775921135690188115e-23 4.139224875291891364e-09 9.999999958607751482e-01 1.597197660824661432e-57 2.755832412205991880e-106 4.417900801312320573e-79 2.418342147150191983e-105
8.036840129661304795e-114 4.999999979295782770e-01 5.000000020704217230e-01 2.239330971578174803e-23 2.812019371058821011e-67 2.458934364733852973e-91 1.209935915976587724e-93 4.395827293137180931e-132
2.155261092885685045e-108 4.999999979295782770e-01 5.000000020704217230e-01 3.027889347888117236e-23 4.328915837446081033e-70 3.445493790907850233e-116 2.470074695230833644e-99 7.306793488390843815e-141
1.478542863553101207e-128 2.767476917900837786e-13 9.999999999854873867e-01 1.423583944825992354e-11 4.298284459830146453e-73 1.413249788838394896e-102 1.007122041530475192e-84 4.556628092739226015e-125
7.082659529278458972e-118 8.314227175268951291e-26 4.010455150291898209e-26 1.000000000000000000e+00 1.153505659257073073e-76 2.917045951713656818e-167 1.831265230133423361e-85 4.020147611527371252e-122
3.843000581927571080e-161 5.080460534803615265e-32 2.450405144862485971e-32 1.000000000000000000e+00 3.076551700563536062e-59 2.513185815571595642e-107 1.486332342376444329e-58 2.260943036357572040e-87
3.266284022725975009e-136 1.425074070361627725e-11 9.999999999854874977e-01 2.618464364336938148e-13 1.708118201399394832e-50 1.413370719082265959e-62 1.099784633381446836e-60 4.517051046122158122e-96
0.000000000000000000e+00 7.314847101045859795e-176 4.773625976087003376e-182 9.003880867900335880e-133 1.880613568953854868e-24 4.117132789732284963e-16 2.000943156529001137e-10 9.999999997999052814e-01
8.267087274547681486e-148 1.406867823069427867e-10 9.999999988880566848e-01 9.712565638200344200e-10 5.668792743213062108e-61 2.222257995739797360e-83 3.019796527586280097e-80 1.508436453396241190e-86
1.749073446976587378e-88 9.449514968013796233e-10 9.999999990550485496e-01 3.559497414950849376e-19 2.469341358529384377e-113 1.645037470598569464e-146 3.375459762748695817e-148 1.255654217829215925e-192
2.458646317523416927e-181 8.448342921637434397e-22 1.575125879190156761e-20 1.000000000000000000e+00 6.582436953398522291e-61 7.838850691361957544e-94 4.168697389795974313e-76 1.036818641825629392e-94
5.685370801380682758e-263 7.948641159321389800e-85 1.069600618166365231e-80 1.957563340027308334e-74 9.999999951848628221e-01 9.951129617482695301e-30 4.815137098912480302e-09 6.182632343718905349e-31
0.000000000000000000e+00 6.032512802640765219e-112 1.388908885331530247e-99 9.765662666472553186e-83 5.157811678690115282e-09 2.341780436063321784e-10 9.999999946080102564e-01 5.616558296772756487e-17
4.340874888197444675e-159 1.294555184581202564e-17 5.769636378817571038e-17 9.999999999999998890e-01 1.028447031592810543e-37 2.371999227805232702e-79 1.199632765955172906e-57 7.890730386352205645e-85
8.710581340972739717e-252 9.361034551069334882e-58 1.259657694201525186e-53 5.362141013163031954e-44 9.999999994231473233e-01 2.341780420785475265e-10 3.426745942524693977e-10 9.640246219476507431e-35
2.471612799885419962e-319 1.058690450302356276e-86 1.473884429779050752e-87 1.470089746508486451e-60 6.234571547774769822e-07 1.325299207726127688e-19 9.999993764559388376e-01 8.690649456614804644e-11
8.558023595524928178e-133 1.893376646136362324e-14 1.763255063040284607e-11 9.999999999823485641e-01 8.375984361095616608e-53 1.526999777155599301e-116 7.049078001940155930e-68 2.711961612444368910e-94
6.973078303853681114e-280 2.070180596799031892e-96 1.752657468462530493e-99 4.689079631078197415e-53 9.999996234359026515e-01 7.976344935632488021e-16 3.765640965678073322e-07 8.968270311777048694e-25
2.948161469879004277e-111 9.999656451321826678e-01 3.435486754381931128e-05 2.734547827305629695e-13 2.897557058080664095e-81 1.477531049099470876e-118 1.591940870711796459e-108 4.594294003305536331e-143
0.000000000000000000e+00 1.193680880789778642e-138 1.148045667501507471e-138 6.654071191917221549e-123 1.215614037143014271e-24 1.232151038122444940e-19 2.053504918867197729e-08 9.999999794649507834e-01
6.278524044877510299e-296 2.663431258382495188e-93 1.710916920793358449e-99 4.820380844942036831e-59 1.506535486854283594e-04 1.558714415015387633e-14 9.998493459123365401e-01 5.389624489087859450e-10
1.175409393685884023e-127 2.081261302735024872e-08 9.999999774093920601e-01 1.777994873868411423e-09 1.544929696691860114e-78 5.796269045007244981e-113 2.872320278625467697e-98 2.231261812121550879e-147
0.000000000000000000e+00 1.147941119172888432e-152 6.675784477819420651e-153 4.221547058547506032e-100 5.076417145060573800e-29 6.650667714342068182e-23 1.134397256023333679e-09 9.999999988656027572e-01
0.000000000000000000e+00 4.105466700539660121e-80 6.079659204124974343e-88 4.323118498529190756e-86 7.202433591077572462e-31 8.421804822390186076e-11 1.083769095917475240e-04 9.998916230061901667e-01
1.000000000000000000e+00 2.053539783174269450e-111 1.436158734527977758e-112 1.093573990636679603e-171 1.216175320916501174e-237 2.225494710471205704e-287 9.012147850289698892e-304 0.000000000000000000e+00
3.989380226780484976e-314 3.076771264984635510e-74 2.918759135502661600e-77 2.085675375338123016e-85 6.673769631755884905e-23 5.431319842519005028e-26 9.998929950017679813e-01 1.070049982320246630e-04
0.000000000000000000e+00 6.132291998233621573e-100 5.837872966920331160e-103 3.074164091923159815e-84 6.673769679416723010e-23 2.627532449859530933e-11 9.999986278676535889e-01 1.372106071143818000e-06
3.780685181972107249e-227 2.124579721040968722e-67 3.991840273746282243e-72 8.318960666589283111e-51 9.999999841967314174e-01 1.298614803675044252e-24 1.580326861309533671e-08 4.865948707836189027e-26
1.000000000000000000e+00 5.328268894708544508e-140 3.074647513865137922e-140 7.247122626762052330e-188 7.788797784031684000e-204 1.765867045290435879e-281 2.972091533116480398e-272 0.000000000000000000e+00
0.000000000000000000e+00 2.896286349998520201e-107 3.328702233807091273e-118 4.879866087374874999e-86 1.067410035290052645e-21 8.169061831181497038e-29 1.608549348696156555e-04 9.998391450651303858e-01
1.032241911573774912e-122 9.998391450651298307e-01 1.608549348701053083e-04 1.098433869050085776e-21 2.042427891616502759e-104 8.795725098912837579e-119 8.017172663466146151e-129 7.026397555505061412e-164
1.327450199492355025e-106 2.881060083908277419e-02 9.711893991609172883e-01 2.072848040398340758e-26 3.993410558150478764e-101 5.173514222571980662e-122 1.417885010839222309e-142 2.476793187870762468e-191
1.000000000000000000e+00 8.685282075375327185e-98 2.630602236761500999e-105 1.997792726566120202e-128 1.741466229262672295e-242 0.000000000000000000e+00 1.916487147332226525e-305 0.000000000000000000e+00
7.822263235467251936e-303 2.308772404819666025e-111 7.172162452844019025e-119 6.031206288361910118e-79 9.999999996090159771e-01 2.663109593074494574e-14 3.909575195937883285e-10 1.692154722229048831e-23
0.000000000000000000e+00 5.357589308827609570e-123 3.434400933695475476e-125 1.105466615027760664e-99 3.909551606366182690e-10 9.711893991609413801e-01 2.881060044810343501e-02 2.885545816628853614e-17
0.000000000000000000e+00 6.067641111880214640e-156 2.158011947649191292e-164 3.307517821612289134e-156 6.890642795552939618e-22 1.000000000000000000e+00 1.497575366741359418e-24 5.632594152242518486e-24
1.393652122262000187e-274 1.919086822946673652e-95 2.661080032099842135e-95 5.583444172629395625e-72 9.999999999999995559e-01 4.019342573030013629e-22 4.356957956449237939e-16 1.940253773270819855e-44
7.786109176999881158e-163 4.356960025832215613e-16 4.403411235495957079e-13 9.999999999995592415e-01 6.361748634154782663e-73 0.000000000000000000e+00 8.010994219636056772e-77 1.236459795752762861e-98
1.833639353295964680e-132 9.999999999995580202e-01 4.419927200297766672e-13 1.262285020067835052e-40 1.852898153010273527e-53 1.989205670345908421e-77 1.929496535669721896e-75 2.386057519277499002e-109
4.475211613750278783e-121 8.985068670992638886e-17 2.700188075757018923e-14 9.999999999999726885e-01 1.813935183149536412e-46 1.164035122914067825e-131 6.197543862970835163e-79 2.543494424765847092e-113
3.409466944975334097e-262 2.358238391092791417e-74 6.210466719708945039e-74 5.163149057042777350e-57 1.000000000000000000e+00 1.281192894842656375e-25 2.840216191211711553e-17 6.864823008428912168e-41
3.240936499860743841e-276 5.568244832369643085e-70 1.466408118395554181e-69 1.183933731035335852e-50 9.999999999998873124e-01 1.593282623031343931e-28 1.127486783081251290e-13 2.825121805520040251e-37
0.000000000000000000e+00 3.807892423119801619e-155 2.251956686750341900e-142 9.657798122498143049e-100 1.126872297800444799e-13 3.411136153818360843e-24 9.999999999998603339e-01 2.701271044886973529e-14
0.000000000000000000e+00 5.359273572548101232e-110 3.075578025222782441e-114 2.927677221267899247e-84 1.962769473432551053e-31 1.372296938085354996e-29 6.935158218984092180e-18 1.000000000000000000e+00
1.930992705116584941e-150 4.943175624935238058e-16 7.126384334731740749e-20 9.999999999999995559e-01 2.730327962088111471e-48 4.310082664818631720e-102 1.113538947502001182e-62 9.580808994162985555e-95
0.000000000000000000e+00 1.333807432206364978e-82 6.559533280476862199e-87 6.972508364341775884e-120 1.271338258059718897e-30 9.999999999999960032e-01 3.967838442833653537e-15 2.619140481650814361e-20
0.000000000000000000e+00 8.779624472117866953e-82 7.264247374660823841e-87 2.245633391009100786e-72 2.822226314093664441e-26 1.512621403218257184e-23 1.688061734072765688e-16 9.999999999999997780e-01
0.000000000000000000e+00 2.036393144424367839e-98 2.036392305809923160e-98 3.676774639079754873e-92 9.673211706870368217e-26 1.337410739493131268e-15 5.626289538046648416e-06 9.999943737104606267e-01
2.677452126028567557e-270 1.345525117888743220e-86 7.569603072452925710e-92 1.263037148366736388e-59 9.999999999875744949e-01 9.371331308002710715e-18 1.242546335722555449e-11 1.242435880343226850e-27
8.685165158375681398e-152 9.999943737106751218e-01 5.626289324952953200e-06 2.442991904339294988e-19 7.058993694872469866e-59 1.544684411487138711e-85 3.877503082841319361e-80 9.198797260337818401e-100
0.000000000000000000e+00 5.580429020527044298e-145 3.139756420881711895e-150 7.159285292511414278e-94 1.224356195141394156e-11 3.114349078620338738e-13 9.999999999867399403e-01 7.051177045929275341e-13
1.507622636343104394e-109 9.999999202642457785e-01 7.973575417676165556e-08 2.135325733128067706e-31 8.523640923867981342e-137 4.951807820466623194e-190 5.023098366724199266e-135 2.057122065593209638e-172
1.000000000000000000e+00 1.171074900221138236e-108 5.855374501105691181e-109 2.052536090197288819e-200 1.810661401621838107e-245 8.348059042723934403e-277 9.848342015313543077e-297 0.000000000000000000e+00
6.466200761209051514e-171 6.545063065662867782e-12 7.973575417676166879e-08 9.999999202577007917e-01 2.903426067647641573e-65 1.447921464087139206e-84 2.005203317137737087e-70 6.530248435125086446e-67
1.229075521986048436e-257 1.458451190075209606e-80 1.033867429443287982e-70 2.903415728973347245e-65 9.999999999934549022e-01 1.933817766018120483e-33 6.545063065662866974e-12 6.532253637455704590e-67
1.296638221576654267e-147 9.990291664528422322e-01 9.708335471577931881e-04 3.041273870377132953e-18 7.905434976696164050e-54 2.042928101154789963e-68 7.113371553789324097e-54 1.751241050918230545e-77
2.229026093713309347e-130 9.990291664528422322e-01 9.708335471577929712e-04 3.461178502173897755e-20 2.083949579679342328e-60 7.748995109617813359e-78 4.525036914471084546e-66 4.995425110870146131e-92
9.894944938502705846e-98 9.990291664528405668e-01 9.708335471577912365e-04 1.682126037196348411e-15 1.927637117308120994e-101 3.572127874874643900e-135 9.134961593719669796e-119 4.055984244324892346e-166
0.000000000000000000e+00 4.236546085080508198e-132 1.412996292553947178e-132 7.818760314198297720e-91 1.678935387992886274e-16 3.077199478922331368e-21 3.878562119746379808e-03 9.961214378802534242e-01
6.012381432024813296e-271 5.666279025874575479e-97 4.263577391076698651e-99 2.173603481148737495e-71 9.999999999999199529e-01 4.327835294427083883e-14 3.677765612725868276e-14 1.124777294672627227e-30
0.000000000000000000e+00 2.301235466687655082e-115 2.132659878823100246e-118 3.339891771544790994e-91 9.786025110731986070e-26 1.779952147513212025e-23 7.974571309777183368e-14 9.999999999999202860e-01
3.649805119257117982e-128 7.764403776484423052e-15 1.053056360618549280e-17 9.999999999999922284e-01 3.116569392143142625e-63 0.000000000000000000e+00 6.435858068886405867e-87 1.127403025040600310e-118
1.000000000000000000e+00 3.757667462355329922e-113 5.977675945038031575e-119 4.382667516569363191e-150 3.912228237538521315e-212 2.425391759312111349e-303 5.726549685854397071e-265 0.000000000000000000e+00
0.000000000000000000e+00 3.462416617185672556e-122 1.267240867160779277e-124 1.945023754747700507e-138 5.929929477145934170e-28 1.000000000000000000e+00 5.660084203244107078e-19 2.378630113726237738e-21
0.000000000000000000e+00 1.348902657645395390e-100 4.812912400398573693e-109 6.953742418913272074e-77 1.335645646949133610e-26 2.567180924094512803e-21 1.689784832339274692e-07 9.999998310215167940e-01
0.000000000000000000e+00 6.873354311767192297e-115 2.962416460131695918e-110 2.127623154999454461e-78 1.015169918716059906e-12 1.560886439150408828e-09 9.999998911968656090e-01 1.072412327467999735e-07
0.000000000000000000e+00 9.424667810557573297e-88 3.449415636099707803e-90 1.577216949711273942e-82 1.758740691908919078e-15 9.999999367008479689e-01 6.329813330869056455e-08 1.016883558969163643e-12
5.160569489634894925e-101 5.000000000000085487e-01 4.999999999999915623e-01 1.487911033579016097e-27 6.204508156081062172e-87 6.950524150040675024e-135 2.020782994414065950e-119 1.200681668876619754e-175
0.000000000000000000e+00 6.625736977688372071e-82 1.960240796489983291e-86 2.356765038805051153e-90 7.057821921973099491e-26 1.000000000000000000e+00 4.418568511668620537e-24 2.925018331979082500e-34
1.281170381656871148e-107 5.000000000000085487e-01 4.999999999999915623e-01 5.853677656573276466e-25 1.837525265223468279e-54 3.917390242466202790e-54 6.718243327312774235e-77 1.784165624749162456e-117
7.372364966296653567e-274 9.192720711049410954e-75 9.192720771463413176e-75 8.505544665101906137e-55 9.999999994868535858e-01 1.695727064742402068e-14 5.131295273410523645e-10 1.213770479740648769e-23
2.914976295514039950e-119 5.048688693667151561e-01 4.951311306332847328e-01 3.578227972611738234e-30 8.445722349534443255e-77 8.214308712824563892e-70 5.061327106628444267e-96 2.033985616417788763e-134
9.615670861549071858e-267 4.354499125006029755e-93 2.994761482635202038e-125 3.858783806816372848e-101 9.999999999717585908e-01 5.323774522053739479e-30 2.824133340563799998e-11 9.673525265873824439e-28
2.096008722151124720e-108 5.048688693667152672e-01 4.951311306332847328e-01 6.530763450110743685e-22 3.283841242498050958e-68 8.971155202055318956e-79 8.319104840538342791e-92 7.136475652437066763e-129
0.000000000000000000e+00 0.000000000000000000e+00 0.000000000000000000e+00 1.164777788416286532e-150 1.075394146505071336e-12 4.481571602533173050e-06 9.902532981797053102e-01 9.742220247616763251e-03
8.336504856653759087e-246 9.951630166698934752e-66 4.975937810808392547e-66 5.546177174420474720e-28 9.999999999999990008e-01 1.199386417686566720e-18 1.093464194221049216e-15 8.443605835133475577e-31
7.009784755162348622e-118 1.426165558483578224e-16 4.278486201557126057e-16 9.999999999999994449e-01 7.253477058715484799e-52 7.559913600017011963e-89 2.580610786294255105e-87 8.506442562113639070e-118
2.990466275522739761e-99 6.666666666666661856e-01 3.333333333333338144e-01 6.851420088684013806e-19 7.261237699801204754e-70 8.585407195323447716e-82 1.838883187307834084e-92 1.370894418454231537e-126
1.425801701616279785e-121 6.666666666666661856e-01 3.333333333333337589e-01 7.533711732308441680e-17 8.298803295998873231e-95 0.000000000000000000e+00 1.016726620829596828e-120 2.034856617845330336e-158
2.405188862264456459e-92 6.665450413130322715e-01 3.334549586774251395e-01 9.542580931114987251e-12 5.078393496653733116e-84 3.248510928786335889e-123 8.262305346191621295e-124 4.210760773656557588e-151
0.000000000000000000e+00 4.854846752979551159e-105 2.427430453583139812e-105 4.708084540436313085e-122 1.856828215006792650e-29 4.558521091346880653e-11 3.648759506477159483e-04 9.996351240037671948e-01
2.704031636423513410e-91 6.665450413130324936e-01 3.334549586869674509e-01 2.824111991753847161e-22 9.288951534951708640e-145 3.765517179481980811e-138 8.949019166258792650e-191 9.191269105415356994e-224
1.000000000000000000e+00 3.423730473789983965e-127 6.376114493988934219e-127 8.824237912287255921e-157 2.164928938815084131e-278 0.000000000000000000e+00 7.805168599587618283e-315 0.000000000000000000e+00
1.333507328479207568e-224 1.371126476229284744e-05 9.999862887352377605e-01 2.349894283577892100e-23 1.498433498099592380e-219 2.291248821757874746e-142 8.044138376546513240e-168 3.860971369198065628e-197
1.000000000000000000e+00 1.338552844386324261e-150 1.842540454891554340e-154 1.911379797062785916e-186 1.096825733767567328e-321 0.000000000000000000e+00 0.000000000000000000e+00 0.000000000000000000e+00
1.000000000000000000e+00 9.453215793675119569e-99 1.301251019092312347e-102 9.511674565757860809e-151 2.964393875047479265e-323 0.000000000000000000e+00 0.000000000000000000e+00 0.000000000000000000e+00
0.000000000000000000e+00 3.861028766377164390e-197 8.044138376546513240e-168 2.291248821757874746e-142 1.301248870159143187e-102 2.349894283577892100e-23 9.999862887352377605e-01 1.371126476229284575e-05
1.349625634948721518e-173 9.999999999749334956e-01 2.506615962342756124e-11 3.677406683505111877e-16 1.613282882784824927e-71 2.299641820124569812e-92 6.742000092840777543e-72 8.269862641052539111e-90
0.000000000000000000e+00 5.144894778970455253e-90 1.053071815934572306e-77 1.396214419910355351e-55 3.677406668396908957e-16 2.196943905786950271e-11 9.999999999780215809e-01 8.660550398408206304e-15
2.372687352631992620e-165 4.319188192135496377e-15 3.088791885304030644e-12 9.999999999969069187e-01 1.743114667182343467e-68 1.826593124774502636e-136 7.410311111626224183e-86 4.001283287622240312e-108
1.781829712354041286e-195 1.108700857940104346e-17 7.928680254012872357e-15 9.999999999999921174e-01 1.038806407750326435e-72 6.719134023793795411e-90 6.692300310061860588e-84 5.661660967922574798e-95
0.000000000000000000e+00 1.042002371184218327e-129 2.340152838646923189e-165 3.175024853966998566e-119 1.815230182984969448e-31 6.544572502412666766e-24 2.580304192343342851e-01 7.419695807656656594e-01
2.506464774480417918e-105 7.419695797278601512e-01 2.580304202721397933e-01 3.021432368137901350e-18 1.454209293534123274e-172 5.592106527725116971e-204 1.761528074451491058e-207 5.540768401107619624e-197
0.000000000000000000e+00 3.580137788789774162e-113 1.785533232033171945e-113 3.079664576582348664e-153 1.665961636546991674e-36 1.000000000000000000e+00 1.297137357402194227e-23 5.358018201662047058e-28
1.790063645427950117e-178 2.241806051242094484e-18 1.037805479909248033e-09 9.999999989621944918e-01 1.918410620097129658e-121 3.140808125132866062e-137 3.155862752959455177e-119 2.306668999095745917e-99
1.000000000000000000e+00 2.511084513560035733e-196 4.097919955051576098e-192 1.751710169064737161e-208 5.434808795806994493e-274 0.000000000000000000e+00 0.000000000000000000e+00 0.000000000000000000e+00
0.000000000000000000e+00 4.647059676039305487e-148 1.616577658123599696e-157 1.977358834303415882e-121 2.038824538828436169e-66 1.615362987213488826e-104 9.999999999994947375e-01 5.051687413284096111e-13
0.000000000000000000e+00 3.732077886988965701e-79 1.936867260839205419e-87 2.038824538828062448e-66 1.977358834303415452e-121 3.232573922818367890e-157 5.051420147203122598e-13 9.999999999994948485e-01
6.443439126753298416e-200 2.038824538828062975e-66 2.672660809731257156e-17 1.000000000000000000e+00 2.265348165580027842e-204 0.000000000000000000e+00 1.930361797071880113e-162 3.542453469031975407e-189
4.384288629384378738e-97 5.000654858476393239e-01 4.999345141523598435e-01 9.135106065364845179e-16 4.448986102550003844e-126 0.000000000000000000e+00 6.557162418775269694e-102 0.000000000000000000e+00
1.000000000000000000e+00 2.555787622843665503e-107 6.508489238294588458e-116 3.172832649707097618e-189 4.933681972599801371e-266 0.000000000000000000e+00 0.000000000000000000e+00 0.000000000000000000e+00
0.000000000000000000e+00 1.207360616210624497e-170 4.293191566232980713e-168 4.448986102550004500e-126 1.276698943667882390e-09 9.998690257584841312e-01 1.309729648168657563e-04 6.834433503995388998e-101
1.521348620407019745e-95 5.000654858440598538e-01 4.999345141523597880e-01 3.580348384320434113e-12 9.940995622219782832e-159 1.185032511050495907e-235 1.277948138427086472e-145 0.000000000000000000e+00
2.590048278078987666e-77 6.666666666666666297e-01 3.333333333333333148e-01 2.055718932399537316e-24 2.430905800400573725e-119 1.275675222185937264e-171 1.537565489474226899e-143 2.551796274832405090e-191
3.022624061698380159e-154 6.666666666666666297e-01 3.333333333333333148e-01 2.024304595309655016e-24 1.678321598694663262e-58 1.202728224970587493e-50 3.919353309664953294e-60 5.251662216259743035e-81
1.000000000000000000e+00 1.361827249722787588e-165 1.361827249729593925e-165 1.596417343715754596e-199 5.484942589593923568e-265 0.000000000000000000e+00 3.557272650056975118e-322 0.000000000000000000e+00
5.228698850333522266e-109 6.666666666666666297e-01 3.333333333333333148e-01 2.202101221354319690e-25 5.681565156170626240e-95 9.771014867283785303e-129 9.682483268326416145e-113 4.392493480815859148e-151
6.353608266565863854e-98 6.666666666621691162e-01 3.333333333378309948e-01 2.487554317652286304e-23 5.821539502317920052e-76 4.789433342199064323e-110 2.313806664993520110e-79 8.247326102015551101e-113
1.222641126272292536e-120 2.651478318038255073e-12 7.941998121923606667e-12 9.999999999894065850e-01 2.642568607286942140e-59 6.387742099763781790e-123 1.868401196194352790e-80 2.990175202926511413e-106
7.312498786104524385e-264 5.575364592813782396e-67 1.576009728103056420e-66 1.606157939688818876e-58 9.999999999994728661e-01 1.691880770776747875e-29 5.271267198483989391e-13 6.665715904817141514e-26
1.816616698075655388e-122 6.666666666621690052e-01 3.333333333378309948e-01 7.966354134225170485e-29 4.027665284758933495e-65 1.716036503050810334e-98 8.838078760828681946e-61 5.081651172710457069e-95
5.186731649685876169e-142 4.771180099541659900e-21 9.542360190594925005e-21 1.000000000000000000e+00 1.183478179265147197e-92 0.000000000000000000e+00 3.092238519259213309e-118 0.000000000000000000e+00
2.685875135186618858e-120 9.999999999999984457e-01 1.527125637882640161e-15 1.950932713949083860e-34 9.359729236809994184e-69 4.722199881232489563e-86 4.599603188722695299e-108 1.563061366892578752e-134
6.104264052922377743e-129 9.999999999999984457e-01 1.527125637882639767e-15 6.792260754092690422e-25 3.371255176085765903e-38 8.678263012384485206e-67 6.637748584521710650e-68 9.802943032516979482e-94
5.676648417926897545e-143 7.635580484404457376e-16 1.527116095522447753e-15 9.999999999999976685e-01 2.229244428258621881e-44 5.959318856580057328e-98 3.699559658293542002e-56 7.278824491371146774e-87
5.216378730472270040e-148 1.569048736565707774e-17 3.646729817766197591e-15 9.999999999999964473e-01 2.570108077235171721e-74 2.130067692354310477e-113 4.758571681806971904e-81 7.171172941367445569e-105
0.000000000000000000e+00 3.529253005890936353e-103 7.058505989513453523e-103 8.543755374299510323e-77 2.206531813425211223e-09 8.758259244098439985e-18 9.998927782119180208e-01 1.072195815501473306e-04
6.170784166218679125e-87 5.000536101585285609e-01 4.999463898414713836e-01 3.621216631486075066e-23 3.234686949486204460e-87 1.001766611387756199e-77 3.954845835637494438e-96 2.929099881533187498e-133
2.292307422391890131e-118 5.000536101585285609e-01 4.999463898414713836e-01 2.409769232941677803e-27 1.783802206936190477e-89 2.062878129703929702e-90 1.838287521234851231e-99 1.263776034293323073e-136
3.843019974428184581e-160 7.049209853020341552e-22 1.189756775880496886e-30 1.000000000000000000e+00 8.688861160624543938e-46 3.297983495412303083e-84 4.789940971508543600e-63 3.731521933077918862e-85
1.000000000000000000e+00 1.559811913594433403e-140 1.971060174313870202e-130 1.619758029791719236e-167 3.609984354803884505e-275 0.000000000000000000e+00 0.000000000000000000e+00 0.000000000000000000e+00
1.408429651013063248e-299 4.353327716139692837e-109 1.030985089161564562e-115 8.942249775857668736e-74 9.999561330137296533e-01 4.463556337547638717e-29 4.386698627037926646e-05 5.964134684666248081e-27
0.000000000000000000e+00 5.028484659708576861e-136 2.198630957589799877e-141 1.797163167962147146e-133 7.719443444724542335e-33 9.999999999999998890e-01 1.158263805003565357e-25 5.631688029160281892e-17
5.381800522057983986e-147 4.695972085810043396e-04 9.995304025716935659e-01 2.197254544532291627e-10 3.667739153225640587e-93 3.459278345715185075e-112 7.267658382880668702e-86 1.472084533904828695e-102
1.112785051288468861e-143 4.695973184417357458e-04 9.995304026815529097e-01 5.305252677573718938e-15 6.657671052872623801e-94 6.651298308412219013e-92 3.501420268722852742e-88 2.098703466699566240e-109
9.387990353692217523e-133 4.695973184443698691e-04 9.995304026815556853e-01 3.750507882784670776e-17 5.406185057998769529e-89 3.353987846684070592e-82 1.814594793390781037e-83 8.718354671848897100e-102
5.401982543866090395e-294 1.570701347146223090e-93 1.570701347318899329e-93 2.884886359866861264e-64 4.778287971724640056e-05 8.407420237515305673e-18 9.999522044345777738e-01 1.268570503326731380e-08
8.477315906479828690e-89 1.283361333761753213e-11 9.999999999871663769e-01 4.446083205109679464e-27 5.950444013540931177e-90 5.743019222890786084e-100 6.724071271189580625e-132 3.174704395996585830e-175
3.538172171708752917e-238 1.136135170896198001e-57 1.340815100241771097e-63 2.905359283310083856e-57 9.999999999997546407e-01 7.467208161212291912e-19 2.454511665261077044e-13 1.858668171421093663e-25
0.000000000000000000e+00 1.497705581677075997e-150 6.109876183973645030e-146 1.085106228349676850e-103 1.198376247511266221e-36 2.605014977330689635e-19 2.476838619841310819e-13 9.999999999997523092e-01
0.000000000000000000e+00 2.185896935494540809e-92 2.208700700016095025e-100 3.741994083663239260e-104 9.441064397926598504e-31 9.999999999874136236e-01 1.258417243658888992e-11 2.235117752847455689e-15
6.305709009071794352e-242 1.158612071762777364e-53 4.290692921277055204e-59 2.286457174483718759e-47 4.520132003240083830e-09 2.634866154007221001e-12 9.999081892141524763e-01 9.180626308056878562e-05
3.348311927658300631e-152 9.157802896686148498e-05 9.999084219710331345e-01 1.095033672987226444e-17 4.414882508342852514e-66 5.009417726293294242e-114 3.511250356182454893e-80 2.399549298637520762e-106
0.000000000000000000e+00 3.087072840900516630e-107 3.085300207729979428e-107 3.467462151707965231e-84 1.563697888760307694e-22 3.426054914437535307e-08 2.807817630806660112e-07 9.999996849576877622e-01
0.000000000000000000e+00 4.603185648614672077e-117 3.575697845854958722e-117 1.126083100388446757e-121 5.396529084427300582e-23 9.999999184948901165e-01 3.289101876360210012e-08 4.861409116211577352e-08
0.000000000000000000e+00 2.156576151369106267e-114 2.367622038753973276e-121 1.151188756109003918e-107 1.605952453415808580e-70 8.360414912069144506e-110 9.999999982085302497e-01 1.791469818325142524e-09
0.000000000000000000e+00 3.180647117941155986e-74 2.097238018632500969e-92 1.605634388704014617e-70 1.151188971756337170e-107 4.735244077479507472e-121 1.791469818325104060e-09 9.999999982085302497e-01
3.355024034668165647e-174 1.605634388704014295e-70 3.830715393696169526e-23 1.000000000000000000e+00 6.729774914501126445e-207 0.000000000000000000e+00 5.710865797343161202e-149 1.107042588338526966e-198
1.000000000000000000e+00 2.228037730834544873e-185 7.541491888486575391e-186 2.535262355321346175e-186 6.002360920328111180e-306 0.000000000000000000e+00 0.000000000000000000e+00 0.000000000000000000e+00
0.000000000000000000e+00 8.460819106855100871e-71 1.590972875970064093e-78 1.082008723029483926e-65 2.223760194418824888e-09 6.311801975393790462e-29 9.999999977728390999e-01 3.400750019907692415e-12
3.273201812793121091e-150 5.740926279731646300e-13 3.400750008185145652e-12 9.999999999960250685e-01 1.538275732378793353e-54 1.799605309332682462e-96 8.644857790570545385e-85 1.682083408663525277e-100
2.273718415995098788e-272 1.589593154638825028e-97 2.988300347402985929e-105 1.618723117119936800e-67 9.999999977756656167e-01 1.237042752546675229e-21 2.224334287059576608e-09 1.475267236377419786e-31
0.000000000000000000e+00 1.221997701878740610e-89 4.733657169763301100e-86 7.515416748000928661e-114 1.451964934567218473e-37 1.000000000000000000e+00 2.809670546686278555e-29 1.808703943155384813e-22
0.000000000000000000e+00 2.380064871507604702e-86 8.906775503882082118e-94 2.639318031180825915e-100 1.803046174750525833e-135 1.975210607932422464e-137 1.182851528531346693e-15 9.999999999999987788e-01
2.897209720567868122e-192 2.380064871507631134e-86 9.999999999999984457e-01 1.501854642429925378e-15 4.981145795068444892e-181 1.268547104644671663e-217 5.608627684212611247e-168 1.785659643217458062e-204
0.000000000000000000e+00 2.072778679937075507e-167 2.278448157857077200e-178 3.912989420143670491e-139 6.357101115735321016e-99 1.781342914437791813e-93 3.190031138985787351e-16 9.999999999999996669e-01
1.000000000000000000e+00 7.782592174556199416e-124 4.286789191057592361e-128 1.941457144609927544e-129 0.000000000000000000e+00 0.000000000000000000e+00 0.000000000000000000e+00 0.000000000000000000e+00
8.150626306931425425e-102 9.997860526303492534e-01 2.139473696507151242e-04 1.329271622026433448e-32 5.103253155011341847e-89 1.305414667835114729e-109 3.266143355072059784e-115 5.085525066450298367e-151
0.000000000000000000e+00 2.567600253720972172e-140 3.464578563702634187e-144 6.296780881521638681e-116 7.357407063964352600e-17 7.552144044937292747e-10 4.030966075803378524e-04 9.995969026372051314e-01
6.056994802265840468e-68 9.997860526303492534e-01 2.139473696507151784e-04 6.183396178844825639e-31 3.049639416220942371e-96 2.659703961996973277e-102 8.154688018895457091e-127 1.255203547496696984e-175
0.000000000000000000e+00 0.000000000000000000e+00 0.000000000000000000e+00 3.120247971538401742e-118 2.058843430950476508e-10 9.999998566520227339e-01 1.431420917874606550e-07 1.084621338027032268e-15
3.485580256347751036e-116 4.999999999999862332e-01 5.000000000000137668e-01 2.259966421758911821e-22 9.887933160020737569e-79 1.217907280271766242e-116 5.485979760849468820e-104 4.271696100538796550e-147
9.056210238489259105e-272 1.566039514381119267e-101 4.003859968437308919e-101 9.343579316012617465e-80 9.999999963260378655e-01 7.985966151936221793e-29 3.673962183060388965e-09 7.327496748932524476e-24
0.000000000000000000e+00 1.137496590652913224e-97 5.774935145141873694e-117 7.711459968022934545e-122 3.984039826355189172e-29 9.999999999999944489e-01 5.157541073135657403e-17 5.550554742374566945e-15
6.052971456330451809e-134 4.999999999999862887e-01 4.999999999999862332e-01 2.754269079060464781e-14 3.276124666824893968e-70 0.000000000000000000e+00 1.359128882649636457e-85 4.175422724153584112e-117
7.240237739983141027e-215 2.043443538653156893e-26 2.098523860431094601e-20 1.000000000000000000e+00 4.675581913471274476e-48 0.000000000000000000e+00 1.530081041802709099e-60 1.958680047553238967e-87
6.406767709343711507e-164 5.743522371157071473e-30 5.898337052530917185e-24 1.000000000000000000e+00 2.116802997379459270e-47 3.237110970846264203e-88 1.329273144470044924e-72 1.722218950831263635e-108
3.538084513081881903e-190 1.487537139252480465e-19 1.527633272058247511e-13 9.999999999998472333e-01 2.417624203002809952e-25 1.097006907331087570e-62 1.901145337034741783e-46 5.124045399215292522e-69
5.732166096678307524e-150 1.487539761562841798e-19 9.999999999998472333e-01 1.527631994432272760e-13 1.393498073596074163e-73 4.621565845937356218e-93 2.584265984538262833e-105 1.070049784288535338e-131
1.058359157984824411e-257 7.522592058854253223e-54 1.136272900987659063e-60 3.018834622243298678e-43 9.999999973660953501e-01 1.341768972702039409e-12 2.632562898947762103e-09 4.146479803244482182e-19
1.958236534299267106e-230 2.761638582244718450e-75 4.171401370952333833e-82 1.251484171211845274e-58 9.999999999953272933e-01 1.792121667115601702e-26 4.672821070029378893e-12 6.226977079056970528e-28
9.831335603455208146e-138 1.909114420253248956e-01 8.090885579742853606e-01 3.897542899919990600e-13 8.488717893015725624e-67 2.562781963964244464e-89 3.815056156132034517e-84 2.385628407574307745e-115
0.000000000000000000e+00 2.609831309221511849e-112 1.156604900877667347e-110 3.817128076632024365e-79 1.729834170839913587e-10 2.464641990143125670e-09 8.090885578026436598e-01 1.909114395597309166e-01
0.000000000000000000e+00 3.044105468013077913e-133 1.167308508395350882e-136 1.281152914870368413e-117 1.118999939168010072e-27 8.463116356447856092e-23 3.046961198845296814e-06 9.999969530388010952e-01
1.000000000000000000e+00 1.998070821048815882e-98 1.960703209101207222e-98 2.399466892559465927e-132 6.180151818865444638e-200 5.296038587672257161e-288 1.488735583082976318e-256 0.000000000000000000e+00
5.098459807555775353e-258 1.593929994811085582e-85 7.697690075128495733e-88 4.656162975093086766e-51 9.999999932582046558e-01 2.628165906911599980e-17 6.741795254889335726e-09 3.166523510932914466e-31
2.072904199461439966e-132 9.997178217160082037e-01 2.821782832711086718e-04 7.206897808757605563e-13 1.938684902890461860e-56 6.478406993778062553e-80 1.286864287697957754e-69 3.185623056926577381e-93
0.000000000000000000e+00 8.656202299613194844e-118 8.656201808236291026e-118 1.002547236327293530e-100 9.455491368046832212e-01 1.970418853151838603e-06 5.225553991293404449e-02 2.193352863529579849e-03
8.666423980349592550e-99 4.825296107339122759e-02 9.517470389266088349e-01 3.596382113885955517e-26 2.979863731326262037e-18 2.825656597002510131e-24 2.049157799000792760e-47 2.406285545639687240e-76
1.185436136505534498e-210 2.433951677233996729e-63 1.773526867492306761e-61 1.381145328854900090e-43 9.517489969753899492e-01 2.221904461954539425e-15 4.825100302460776786e-02 4.715920480192609094e-19
3.513664904321221120e-254 7.594860667684705679e-97 7.596167667750131540e-97 1.336703337804057151e-64 9.455511261727078676e-01 5.055478549713251614e-12 5.406815413025405775e-02 3.807196919825583427e-04
2.060839506621461210e-136 1.531017609445592141e-25 9.604708609395342141e-13 9.999999999990395461e-01 1.385731564604260649e-72 0.000000000000000000e+00 1.788785034813450581e-86 0.000000000000000000e+00
8.009496630904265209e-144 8.037028158475085591e-22 5.041961188366507669e-09 9.999999949580387071e-01 1.886151131790772671e-55 1.595625918578642999e-123 5.848575173019518771e-65 2.391267763423192142e-102
2.706152912910877127e-110 9.999999949570637092e-01 5.042936353052076052e-09 7.955317862405445340e-22 2.033776181907063967e-80 1.875260329803710017e-140 5.493152138213372768e-121 1.260413668126534567e-172
4.495506296427063075e-164 2.342237249696210744e-27 1.469382462987219759e-14 9.999999999999853451e-01 2.091691392494039256e-63 1.324588870190250629e-110 3.137478783799573572e-71 1.633708766580619143e-114
1.300398850338171329e-286 1.100193863871704361e-79 2.400286399724963243e-81 2.557323229344025736e-67 9.556862981123854794e-01 2.158332272140235717e-23 4.431370188761443729e-02 5.501884929484586709e-17
1.679948292478647407e-244 1.376869641316641850e-57 6.501866648818023498e-58 2.127370516532426870e-59 4.413651513628101541e-02 4.703619333832058583e-11 9.558634848166071007e-01 7.560621877548594379e-14
3.676242596007923285e-287 3.191938003138982927e-74 4.549695386454658114e-69 7.507176627416654714e-67 1.084221757937047877e-07 5.426845888310471497e-17 9.999998915123260446e-01 6.549812370783339325e-11
2.831473894631240030e-284 1.406378888517531993e-68 1.504983767683718860e-66 1.084391252299841414e-47 1.770783461072752735e-04 1.463272784296451139e-12 9.998229216355525306e-01 1.687675703398634999e-11
4.572087658002568362e-114 9.999472008917410504e-01 5.279910825891002930e-05 5.268758871616455775e-29 1.959488650297858711e-75 7.141337234092699199e-87 4.187564408513776848e-82 5.770231441535989490e-121
0.000000000000000000e+00 7.039798378298544907e-115 1.407959679628897422e-114 2.535759203978763617e-75 7.056439364106592366e-21 5.063673967900113739e-14 1.055982164143156547e-04 9.998944017835350584e-01
7.824665314872146292e-88 9.999472008917410504e-01 5.279910825891002930e-05 3.937114671591776168e-33 5.346354487347701115e-89 2.333924561894799840e-109 3.208013256685544768e-108 3.631009031196034264e-158
3.983749194158717808e-151 6.215195904917200417e-16 1.240014321161083562e-15 9.999999999999982236e-01 5.606706671579146598e-83 1.124466231181935027e-112 1.345739182122338407e-72 1.782282087580992569e-105
7.605672560242571976e-280 2.993974392652078035e-58 2.638067252138037315e-64 1.979398899327700519e-64 3.291655545623490357e-16 5.969286312434834293e-28 9.999984817114287994e-01 1.518288570952450617e-06
0.000000000000000000e+00 3.244021049339418711e-163 1.051603358235587130e-163 6.128762613419600935e-153 2.393311423426001658e-26 4.960111906493884996e-20 4.127042752460132203e-12 9.999999999958729680e-01
0.000000000000000000e+00 3.532659803286676194e-74 3.112524077016256794e-80 1.788675023061677646e-65 5.682078960305787144e-21 2.544736959744711921e-28 1.518284808248123146e-06 9.999984817151917893e-01
1.000000000000000000e+00 1.843324053827443923e-99 3.765137192717611836e-99 9.454301099465422767e-130 3.691142701051556943e-273 0.000000000000000000e+00 0.000000000000000000e+00 0.000000000000000000e+00
1.790639440761477537e-92 3.333333363058105236e-01 6.666666636941893653e-01 3.680051206488758398e-19 2.031982303936066846e-97 1.634833028819888916e-135 7.191318789693133965e-136 1.443516123995389593e-186
6.954168948232262112e-110 3.333333363058102461e-01 6.666666636941893653e-01 3.429939803286237759e-16 1.658513659871956781e-62 3.266295991919712913e-100 2.437482387162240491e-92 3.290965084069537119e-131
1.000000000000000000e+00 1.186001903045017056e-106 5.278091418087922098e-107 2.259834856998571698e-141 3.252339339623270440e-281 0.000000000000000000e+00 0.000000000000000000e+00 0.000000000000000000e+00
2.971941188751415221e-288 2.322755686192928173e-76 1.161377933770252017e-76 3.356688998167349911e-61 2.029394524253783746e-17 2.775872616410163360e-10 9.999999905273944112e-01 9.195018321548357532e-09
1.671872633664897672e-104 2.130480963731157837e-04 9.997869519036268748e-01 3.877665547130227243e-20 5.592150654908718551e-65 3.563582163460971776e-93 1.529371609601798014e-102 4.587297191846411162e-142
0.000000000000000000e+00 3.342675401684334388e-183 2.778418173485751803e-178 3.951887565828005461e-116 5.607021350164027310e-21 4.704163243048522849e-18 2.129837224886323198e-04 9.997870162775113201e-01
3.113207768624540919e-224 1.789095069259379602e-69 2.031771462464162995e-69 2.649177459635329988e-55 9.999994218049532702e-01 8.411055458017565531e-08 4.940844922503188066e-07 2.206841623380784104e-30
1.037249340581056792e-276 1.435280049941247181e-72 1.630317582752876355e-72 1.452267062448672940e-42 9.997875202293395880e-01 1.156160015572274832e-19 2.124797706604598555e-04 5.183504767253474290e-26
1.394327133602970766e-143 7.439261723381764835e-22 1.467370901638388854e-18 1.000000000000000000e+00 1.469987221279813944e-53 1.195269467453118134e-100 7.909061596498386908e-70 3.753286833266391398e-98
2.119480334560018853e-280 6.446839909703565813e-103 4.958081673793084009e-114 1.227997563085290896e-89 1.000000000000000000e+00 8.110042398768362903e-24 1.688186468286501327e-19 3.207358133187181219e-43
0.000000000000000000e+00 1.351126641016547114e-129 6.755690153437952071e-130 1.883985028269907631e-142 2.547889295800228195e-16 9.999999999999997780e-01 4.424545332959622736e-26 1.721025390540440348e-30
3.164078400687773895e-141 9.999999999999978906e-01 2.113094884006472382e-15 5.023106924276115614e-34 1.076342002990617784e-56 2.574493075105936614e-50 7.057656431141220121e-76 5.382405679998661320e-103
