1.0845733499055229e-158 4.017387370370309e-11 4.017387370370309e-11 0.9999999999196524 3.560047546439053e-48 2.4873281506039453e-84 3.2142732103675894e-66 2.681441563969006e-96 
2.0181243396085903e-233 2.124561819573579e-62 2.124561819573579e-62 2.1492837402284155e-40 0.9999904135611924 7.682733537375646e-12 9.58643112489599e-06 5.625766964755429e-20 
7.83303961139685e-240 4.038207983512085e-48 4.038207983512085e-48 2.9514578613773584e-32 0.9999975901131851 2.0809243732347735e-11 2.4098660056850174e-06 1.722666227474442e-20 
1.5775163042298036e-131 9.791749346049299e-08 9.791749346049299e-08 0.9999998041650132 4.340698671526088e-35 2.768354502783027e-75 2.8063759417556707e-56 7.689514763259892e-85 
6.259992807587364e-104 0.49999999999986827 0.49999999999986827 2.6351311215596055e-13 2.441624815458348e-32 8.622090876755641e-65 6.5153343052972445e-53 3.855064845966134e-85 
1.3710164562557667e-141 5.582269718880755e-16 5.582269718880755e-16 0.999999999999999 2.1663935368018496e-23 4.94963939549388e-72 1.430356015565691e-44 2.592116729191364e-74 
1.0 7.403769669406238e-74 7.403769669406238e-74 2.0511553688839825e-83 1.226053618621559e-200 0.0 8.147717654326119e-263 0.0 
0.0 2.623213739907987e-79 2.623213739907987e-79 2.3111462791928603e-50 9.072855919058242e-16 0.9999999999992037 7.952770007350555e-13 6.72249371646647e-18 
1.680757061043423e-138 0.5 0.5 9.137291241448416e-21 5.970026344635711e-61 1.1452933107576074e-91 1.045719822588365e-84 7.24184342214476e-114 
7.192364836844669e-217 2.410087585480854e-37 2.410087585480854e-37 9.342087837580232e-29 0.9999773241551482 1.3256193031886818e-28 2.2675844851841514e-05 2.849717442392444e-17 
2.925185438135762e-219 7.436661862819671e-51 7.436661862819671e-51 1.6493888047580857e-29 0.9999999825919927 1.1908601443439344e-24 1.7408007211516996e-08 3.879587315696633e-24 
0.0 2.173127852208486e-178 2.173127852208486e-178 1.0401999998077433e-112 3.1887304621674247e-21 5.86824209303634e-26 8.60531576203297e-09 0.9999999913946842 
1.813185274770149e-304 2.1265878369960918e-76 2.1265878369960918e-76 5.721566353581806e-57 1.1708454866616634e-19 0.9999999999999999 1.5819583359403838e-16 3.594348363283043e-22 
0.0 3.024051242201691e-95 3.024051242201691e-95 2.711894785182055e-82 1.306821334573504e-17 2.1642800871630662e-11 1.4572258613652264e-05 0.9999854277197436 
0.0 5.219002623807234e-95 5.219002623807234e-95 2.7611236661298186e-114 1.2782455386682853e-19 6.124673560211954e-09 2.4922228535283464e-05 0.9999750716467911 
1.0 2.3503312458093636e-106 2.3503312458093636e-106 4.854845073954704e-134 9.97770959566715e-298 0.0 0.0 0.0 
5.188159982370521e-298 1.1536473802255901e-113 1.1536473802255901e-113 5.2921628700271636e-70 0.002832061634609413 4.558560182945339e-18 0.9971679111491208 2.7216269596780957e-08 
0.0 4.816270901936839e-90 4.816270901936839e-90 2.3880942575177533e-82 4.261495663325681e-16 0.9999999930776792 6.914920283455064e-09 7.400129321224686e-12 
2.679086198014544e-118 0.4999999993769928 0.4999999993769928 1.2460143849455532e-09 1.1423539968991562e-60 1.2944386350858013e-104 8.061307367740182e-87 3.3057018016677253e-121 
1.54619464835668e-112 0.5 0.5 1.7809752036850103e-19 5.161438656053626e-39 5.622748675494551e-114 7.399023029014718e-65 1.2763236633040833e-99 
0.0 2.5939620025328834e-110 2.5939620025328834e-110 5.8590125500600975e-78 7.12153656486947e-09 3.554980969701907e-09 0.9623956615078609 0.037604327815621424 
4.061116142490066e-251 1.0483233404268572e-56 1.0483233404268572e-56 1.1259870417812401e-51 0.9999865882431263 4.118575416892611e-17 1.341175687375694e-05 3.743399419724867e-21 
1.2112139615422724e-85 0.5 0.5 1.0395749101139692e-18 1.4331231721324017e-63 2.053444555087455e-84 1.3403802061239399e-96 3.586275679255305e-136 
6.139953806502254e-141 0.49999999989735405 0.49999999989735405 2.0529189987838013e-10 8.412429882548265e-47 6.40751796148377e-72 1.1090978246738405e-65 1.0534956048662213e-93 
1.5379718508843108e-119 0.49999999627954694 0.49999999627954694 7.440906097407633e-09 7.387646510046853e-33 1.8586414104297961e-56 1.4480935683431696e-51 1.4493153202450646e-78 
0.0 1.7556297906238083e-162 1.7556297906238083e-162 3.3378551686123405e-123 6.28721183888166e-22 1.1370031983658221e-15 3.522243012610236e-07 0.9999996477756976 
1.1396454624937478e-117 0.49999999999999806 0.49999999999999806 3.963899152601788e-15 1.589997414777629e-61 4.821389136292804e-123 1.1437476299048516e-83 1.1187995631931828e-119 
8.710670439838706e-98 0.49999999996024785 0.49999999996024785 7.950433338786207e-11 3.9163034469950725e-72 5.209975938161679e-122 3.1137814668032677e-103 4.6621348667157665e-145 
1.0 1.4206429228785831e-158 1.4206429228785831e-158 7.721361574619528e-174 1.4860392731273006e-271 0.0 0.0 0.0 
2.7517786651024764e-132 1.4706697931562354e-15 1.4706697931562354e-15 0.999999999999997 2.217192501555416e-27 7.7143456033725295e-81 5.31782939899444e-48 5.812788704203165e-80 
0.0 1.6781866287059516e-155 1.6781866287059516e-155 5.981542075169752e-90 1.1357388118337214e-21 4.972282634169213e-26 2.5501249325228013e-07 0.9999997449875068 
0.0 2.1291753892930137e-94 2.1291753892930137e-94 3.704418875451848e-67 5.527093925726567e-08 3.872974397211127e-21 0.983839272910237 0.01616067181882361 
5.347040062126758e-80 0.5 0.5 5.5166030159594195e-28 3.2978591350231393e-99 2.794705800845081e-122 8.917814121889146e-142 4.063872634092529e-193 
6.093881010312087e-88 0.49999999999999667 0.49999999999999667 6.621648928104452e-15 2.6736567993038108e-93 2.0454051267618327e-134 4.0302325258038916e-133 1.0470847981080938e-185 
0.0 2.77849809787486e-93 2.77849809787486e-93 1.5160135769124478e-66 1.8465128488140367e-12 0.9999999997861122 2.1204125486067834e-10 1.2590373364994021e-20 
1.1329142958792375e-95 0.49999944751756376 0.49999944751756376 1.104964872523552e-06 3.106646218752126e-59 7.74420557362087e-81 8.847605113761784e-87 2.631832407658292e-121 
1.0 7.664436394576947e-110 7.664436394576947e-110 5.377637044559326e-138 2.4593574086026292e-247 0.0 3.9238382652e-314 0.0 
0.0 1.8643225033814476e-136 1.8643225033814476e-136 2.4913136063330436e-100 7.163790579712561e-14 8.545616934053984e-19 0.008338952032132137 0.9916610479677962 
1.0 3.954972073173438e-124 3.954972073173438e-124 6.968860187978596e-164 9.880478543778716e-243 9.524e-320 1.812764861102687e-307 0.0 
0.0 9.362711199746349e-96 9.362711199746349e-96 4.451863713035695e-61 3.1856100300944683e-13 7.232204471098985e-07 0.06656719771411415 0.9334320790651202 
1.193382456158329e-204 1.987737437191e-45 1.987737437191e-45 1.4220069567348189e-34 0.9999985508680267 3.5134269611149825e-30 1.4491319732133624e-06 9.749658732909258e-22 
8.539456316228598e-203 3.1092625898709426e-29 3.1092625898709426e-29 6.507700788069492e-19 0.999047874133976 4.412146776179563e-10 0.0009521254248090062 3.1626541830582506e-16 
0.0 2.5861779146347524e-73 2.5861779146347524e-73 2.886606104362167e-74 2.979017571026208e-26 0.999999999999786 1.796255428002778e-14 1.9606274956685053e-13 
6.509746268745633e-125 0.5 0.5 2.473996721638858e-21 5.531973575387332e-36 2.1779170824480798e-67 5.411893703591786e-56 8.276643691434524e-82 
0.0 1.584093468074033e-97 1.584093468074033e-97 2.2932244098065866e-85 6.233050652769636e-06 1.987648270018277e-09 0.8613745275841495 0.13861923737754944 
5.867442711483871e-276 5.152351943369883e-109 5.152351943369883e-109 5.376366492400081e-88 0.9999678501398075 3.062204790486647e-33 3.214986019041693e-05 2.081018362646728e-15 
9.104938331423591e-247 2.5622472470881518e-51 2.5622472470881518e-51 6.520031013590263e-33 0.999866836588406 1.3664427608205787e-21 0.0001331634115940055 2.0416287988465652e-18 
0.0 1.4435171071216995e-75 1.4435171071216995e-75 1.0734729703094742e-58 1.7675728561090478e-07 1.8635441707023403e-18 0.9988082274352982 0.0011915958074162104 
3.0377580754504103e-68 0.49999999999999994 0.49999999999999994 3.093507103471213e-17 1.5327452402092733e-89 3.097408483762565e-121 1.3279792416032934e-125 2.8098585690525186e-172 
0.0 2.5557262475382296e-68 2.5557262475382296e-68 9.09985235495146e-86 2.390349293705794e-10 0.9996174010466417 0.0003824519419907674 1.4677233263007652e-07 
0.0 7.111419324358371e-99 7.111419324358371e-99 9.163034529446955e-64 1.511768172308547e-09 2.6595352953445936e-11 0.9532197651469289 0.046780233314707605 
7.490325608375658e-118 0.4999999999998748 0.4999999999998748 2.50497649335424e-13 6.065339572118533e-91 6.71910771594063e-126 1.0191939383706919e-123 7.646694957526546e-167 
0.0 1.807704566183365e-145 1.807704566183365e-145 8.962754827855836e-96 1.198049664589447e-14 4.452721885527702e-18 0.05211114468976891 0.947888855310219 
0.0 1.2095698688681708e-139 1.2095698688681708e-139 3.409990760371051e-92 0.0007721716721355111 7.861323789489068e-15 0.9991504781108648 7.735021699179759e-05 
1.0 1.608191531040829e-109 1.608191531040829e-109 3.5741898152249623e-159 5.498721012271538e-262 0.0 0.0 0.0 
6.53649192327318e-218 1.613677409237513e-36 1.613677409237513e-36 1.4469931260506567e-29 0.9998010317191117 2.571581736500968e-21 0.00019896828088823842 7.279000191357075e-17 
1.0 1.2363982375870923e-108 1.2363982375870923e-108 1.5608792315604738e-160 7.783363822735085e-259 0.0 0.0 0.0 
0.0 3.713560487550073e-99 3.713560487550073e-99 3.545102335752458e-81 2.3305341754389542e-15 0.9999999999973694 2.6283279417963854e-12 1.870983518997259e-18 
1.2380893981701348e-98 0.5 0.5 2.273899821800165e-26 1.5637681326861617e-62 7.848689458359269e-96 2.6041258756157707e-93 3.277507401326158e-134 
5.54576235745182e-288 2.364382127783048e-57 2.364382127783048e-57 2.9888670327008334e-44 0.014612982231564504 2.3533380014224697e-12 0.9853869202397006 9.752638155952879e-08 
0.0 1.4439112787038533e-104 1.4439112787038533e-104 3.250660615952827e-75 2.1390703275441184e-13 0.9999994224874671 5.728955211481363e-07 4.616797981454524e-09 
1.5908481536239538e-236 5.706243014934894e-41 5.706243014934894e-41 2.3074208844808634e-30 0.9999879946714435 7.870279268819788e-26 1.2005328556508532e-05 1.1614841022546886e-20 
4.8020279380543195e-119 0.4999999999983779 0.4999999999983779 3.2442206995754884e-12 1.9352961978736814e-45 1.4699115995319205e-79 3.615121169321435e-62 3.066355584808565e-88 
0.0 5.7071978649101074e-89 5.7071978649101074e-89 2.1140726191388695e-96 2.7731289079446876e-16 0.9999999942837442 5.534154053776541e-09 1.821015232021477e-10 
0.0 1.5443947414929703e-127 1.5443947414929703e-127 6.109026262226777e-100 5.741373952776022e-14 0.9999998575111301 1.4248859834332723e-07 2.142275467088331e-13 
6.240454233025529e-273 8.37724843827554e-89 8.37724843827554e-89 2.975733132458424e-65 0.7906115228730503 6.835809928621612e-11 0.20938847705858407 7.62970981020892e-15 
9.063086477117333e-286 5.902651373043036e-70 5.902651373043036e-70 1.4927334122692652e-55 7.975874289529671e-07 1.7514312304167547e-08 0.9999937843191143 5.400579144446008e-06 
0.0 8.409615450932227e-139 8.409615450932227e-139 2.8028850548665718e-102 1.1270080386945377e-23 6.694815461958535e-17 3.5129207709366747e-08 0.9999999648707922 
0.0 1.3547570670328932e-100 1.3547570670328932e-100 1.1722452392720412e-74 0.0011949766759099976 1.2006998568378106e-16 0.998801813270631 3.2100534588908766e-06 
0.0 3.253929483169277e-94 3.253929483169277e-94 2.961492058042357e-61 4.724929143684538e-12 2.4851939034248392e-12 0.06763451361023003 0.9323654863825598 
5.799473001494336e-229 9.135083317827025e-69 9.135083317827025e-69 1.144020731136386e-48 0.9999998935326475 3.8017651936135865e-31 1.0646735240692174e-07 1.9457971336491455e-22 
0.0 2.032119834267136e-98 2.032119834267136e-98 3.2631108541228785e-90 1.3638206904423908e-17 0.9999999999874137 1.2477404221950757e-11 1.0878759333807997e-13 
1.3882383983243822e-97 0.49999999995881694 0.49999999995881694 8.236613811299501e-11 6.673185303831531e-74 6.641900064999532e-119 8.710349288316154e-104 2.1722166104396704e-144 
0.0 4.899110307612952e-91 4.899110307612952e-91 4.734824331269271e-84 2.305304072897055e-12 2.00609820050124e-08 0.7834294586634494 0.21657052127326337 
0.0 3.2196283873351617e-133 3.2196283873351617e-133 9.299390710435282e-129 1.214857775272665e-25 0.9999999999995859 3.534696551057297e-14 3.788126896804796e-13 
1.0 1.37767586228249e-143 1.37767586228249e-143 3.2708178310608745e-158 5.6722261013516926e-229 0.0 3.712495924239875e-299 0.0 
0.0 1.83967835988079e-67 1.83967835988079e-67 4.2740356562870905e-39 7.239890361490347e-14 1.769740255429083e-07 0.05525437466962582 0.9447454483562763 
1.0 4.623812330171809e-118 4.623812330171809e-118 2.2990610884576383e-159 1.1369783771791931e-269 0.0 0.0 0.0 
4.6656579414197945e-129 0.49999999999998584 0.49999999999998584 2.826226200241434e-14 4.700386990055384e-90 9.322034120870683e-110 4.216277211395669e-116 2.72226217591439e-153 
2.0332083366500066e-109 0.4999999999931616 0.4999999999931616 1.367679634396128e-11 1.550843543233692e-57 6.300852887777867e-97 2.8192455248247096e-84 3.304466365619246e-123 
1.0 5.230066215804003e-101 5.230066215804003e-101 6.85730770665317e-145 1.9349497714666404e-262 0.0 0.0 0.0 
0.0 7.273637688947313e-108 7.273637688947313e-108 8.185947480870454e-86 2.9998884065879933e-20 0.9999999999998862 1.138433123768597e-13 1.539724294711487e-21 
0.0 4.9469653168621e-108 4.9469653168621e-108 9.558057036490059e-89 2.629510978785392e-21 1.0 2.0863761088551845e-20 1.1980810084583034e-27 
8.147644174477792e-121 0.49999999965726843 0.49999999965726843 6.854631070001718e-10 1.942157239887712e-71 3.245952761457114e-108 1.0563685602965728e-100 0.0 
1.8120898264637566e-248 7.6455033713225655e-50 7.6455033713225655e-50 9.146416977384862e-48 0.12784698127748015 1.590586915765152e-16 0.8721469602479385 6.058474581305938e-06 
3.298653128574007e-89 0.5 0.5 5.038961796444524e-17 1.5313000866432834e-63 1.4906006647664003e-70 8.226438763615564e-98 1.3077163639604406e-142 
2.033927733835881e-104 0.4999999999999991 0.4999999999999991 1.8791665875845583e-15 9.543187129165509e-47 8.056131712452155e-64 1.8596609965301603e-70 2.6969194358121016e-104 
1.6953061533525503e-52 0.5 0.5 5.623490343991758e-27 1.6459325594082786e-91 1.2557155977947901e-113 3.286872201010234e-130 2.0522875349787436e-185 
0.0 2.706742545697224e-82 2.706742545697224e-82 3.8750250765122245e-86 4.232607312051935e-24 0.9999999999898717 6.424714565904108e-13 9.485833686867651e-12 
1.0614063832599707e-256 3.6852973511990397e-76 3.6852973511990397e-76 1.483542591878006e-43 0.9999785358498746 2.213978149538964e-16 2.146415012513795e-05 4.0516959546190915e-20 
1.4590933326547013e-228 1.2226861255216874e-61 1.2226861255216874e-61 1.2076957657850415e-41 0.9999458492443644 1.9347527048883244e-12 5.415075370096654e-05 1.2012649358124518e-19 
2.6235380756315792e-303 2.2904222533164663e-82 2.2904222533164663e-82 2.741079332356733e-49 1.3828608738400601e-05 6.737913957871454e-17 0.9961413892944856 0.0038447820967760023 
2.9503469073483673e-142 3.946238764846914e-10 3.946238764846914e-10 0.9999999992107523 1.7145331353047845e-34 8.699770217417485e-71 1.4074143202985053e-52 3.558483825516673e-86 
2.261422516696008e-288 5.248246010992662e-66 5.248246010992662e-66 1.5538223287288515e-58 0.0008975786638443559 1.6928389854093406e-15 0.9990647428316728 3.7678504481103085e-05 
8.109493975236448e-111 0.499999999999996 0.499999999999996 7.962474735376411e-15 2.5386724474747383e-48 1.2663078546448602e-80 2.9305990362877633e-75 4.702059061381094e-110 
5.463237598622074e-288 4.161823670033896e-97 4.161823670033896e-97 3.7315814487964165e-45 0.8212866288684982 2.638947477724015e-07 0.1787131072352907 1.463367523357871e-12 
1.421271812255904e-249 2.1397243296801586e-52 2.1397243296801586e-52 2.79298408630988e-52 0.01602526194960547 6.123523364265826e-11 0.9839744037030184 3.342861409963565e-07 
1.0 5.154534876018627e-142 5.154534876018627e-142 1.8377885807200196e-168 2.5342519496440567e-241 0.0 2.118265812652646e-309 0.0 
9.301411596301423e-131 0.4999999999999133 0.4999999999999133 1.7338123859908314e-13 7.673679855340028e-56 1.9921081384956976e-78 1.5488865227873634e-77 6.648157324035069e-110 
1.0 8.60836238284898e-135 8.60836238284898e-135 3.7348792014624654e-156 1.9566213021367273e-282 0.0 0.0 0.0 
1.0 1.4532557468296463e-123 1.4532557468296463e-123 1.9980694835817747e-167 1.9041113622455057e-244 4.495950403859876e-306 1.981109103e-314 0.0 
0.0 8.168187970912711e-91 8.168187970912711e-91 1.950419004967778e-37 1.2314690383124564e-17 9.29930706880631e-29 0.00010491862865836068 0.9998950813713416 
1.0 1.29484610372624e-90 1.29484610372624e-90 2.177444643258155e-127 3.8204466114526716e-258 0.0 0.0 0.0 
3.1433927625636595e-146 1.5873045551719762e-15 1.5873045551719762e-15 0.9999999999999968 6.493229950724072e-27 0.0 1.0946226704176042e-43 1.5002194363653172e-72 
1.6633627895371393e-89 0.4999999999991895 0.4999999999991895 1.6210776845948095e-12 2.1762882572863707e-92 1.3597410462152797e-134 3.545790431297518e-132 0.0 
0.0 7.346673541511699e-60 7.346673541511699e-60 6.914116087259561e-73 1.441534035098057e-17 0.9999956708781578 3.550212294456282e-07 3.974100612856338e-06 
1.3778836059887098e-131 0.4999996453551588 0.4999996453551588 7.09289682435349e-07 1.5708800859379483e-41 4.220397116665917e-97 4.400861165367195e-61 1.0706095401467796e-92 
1.0 1.1731067678559599e-100 1.1731067678559599e-100 2.017047215015746e-128 4.731074747631757e-233 0.0 2.1520824069432116e-297 0.0 
2.673731558818061e-279 4.079577420223966e-58 4.079577420223966e-58 2.7482391517356274e-32 0.0060324119738771114 7.543779013149892e-18 0.9939636020463403 3.985979782572018e-06 
3.059222268008413e-160 0.4994291011890273 0.4994291011890273 0.0011417976219454263 5.799952903597135e-46 6.570491966453284e-73 2.2335533407849024e-56 1.4049275368105663e-80 
5.734046917617267e-111 0.4997201980552855 0.4997201980552855 0.0005596038894290687 1.860665391763766e-75 4.246708899121336e-117 4.83268653064549e-103 3.275567403770759e-147 
2.8907403941125906e-112 0.4999999999550448 0.4999999999550448 8.991054013621509e-11 1.1306127476452134e-76 7.465045890581111e-138 3.9275591225984815e-104 4.596076364275117e-141 
1.068352811231314e-157 6.484374725497739e-17 6.484374725497739e-17 1.0 3.253728407438738e-53 1.3782386888698612e-91 1.731009516187688e-73 0.0 
3.23323469146635e-97 0.5 0.5 5.872945228630045e-20 1.5933335001140824e-81 2.0649868134001893e-96 1.4023937758009894e-114 1.998771209921637e-152 
2.278324903361911e-301 8.770679131818033e-83 8.770679131818033e-83 2.3363980217255075e-66 2.015567815162237e-05 1.0744303734070483e-13 0.9999797778722994 6.644944149299476e-08 
8.980945541989808e-131 0.4999997786863814 0.4999997786863814 4.4262723732651074e-07 3.4952369091378603e-47 1.105566234340762e-75 1.9341078310192885e-68 6.447740678404403e-100 
1.7251518312260486e-269 6.072333909071942e-30 6.072333909071942e-30 6.798206801547776e-32 9.775577155397308e-05 1.0619777260961748e-11 0.9943514960151709 0.005550748202655215 
5.146137003819958e-98 0.49999999998588335 0.49999999998588335 2.823326751150298e-11 4.764602711775739e-70 6.0493986957764034e-117 4.3001962058995754e-101 0.0 
0.0 4.3697797949983043e-131 4.3697797949983043e-131 7.746854298198139e-112 1.1512246951090043e-20 2.37791647883755e-13 3.5071955029344584e-07 0.9999996492802118 
4.237105917016428e-136 4.547674006434304e-18 4.547674006434304e-18 1.0 1.2031173582446563e-43 3.4830645055489176e-131 8.503053259617519e-69 4.0592118478954286e-100 
4.766416594350604e-282 2.8695673819602952e-109 2.8695673819602952e-109 7.99152736957745e-85 0.9999872557317749 4.454490107589062e-17 1.274426822507743e-05 6.840845619213372e-21 
2.7465760121913794e-195 3.4459932566934637e-41 3.4459932566934637e-41 5.871695809164988e-32 0.9999999998536454 3.5026998392007394e-12 1.4285180386684415e-10 4.23019761035279e-24 
0.0 5.44244526094698e-73 5.44244526094698e-73 4.615158146742398e-51 1.947910408631834e-19 7.942216749307191e-09 4.788224776121564e-05 0.9999521098100221 
0.0 1.8552366325474419e-81 1.8552366325474419e-81 2.9894652297849423e-46 9.216922322833777e-15 1.3042919732085008e-22 0.0002442684786850344 0.9997557315213057 
1.0 1.9973960176492076e-102 1.9973960176492076e-102 2.2674504744277213e-141 1.4483086920714057e-268 0.0 0.0 0.0 
1.0 1.5635314147615626e-139 1.5635314147615626e-139 6.854019137059747e-167 3.407235278548561e-213 0.0 1.0965095249818986e-277 0.0 
2.2655486550663823e-101 0.5 0.5 1.8255922554042974e-18 2.4279888942922604e-62 5.866218156629198e-90 1.0191367833164935e-87 3.2841822355888423e-124 
5.092797012226774e-120 2.616439209063062e-20 2.616439209063062e-20 1.0 1.1231334596329922e-37 2.3476312805634573e-96 9.972597441135357e-58 6.461308075609626e-84 
0.0 0.0 0.0 2.262345663578711e-99 1.747184459026706e-09 0.9999948425243226 5.155585466528841e-06 1.430263482264283e-10 
2.3579866608345843e-247 6.01810514537997e-61 6.01810514537997e-61 1.1774432878543112e-55 6.387352480091254e-05 6.6239350539539304e-15 0.9996306956203862 0.00030543085480619087 
6.647377218389166e-265 2.3115322177481403e-98 2.3115322177481403e-98 2.5028538455297768e-77 0.9997531836813579 2.0620611728773185e-22 0.0002468163186420956 7.277226937249561e-23 
0.0 3.930721130459545e-77 3.930721130459545e-77 7.082988557881687e-67 2.7915082696647893e-18 0.9999866310890124 2.443097331713201e-07 1.312460125437736e-05 
0.0 7.638199675832895e-96 7.638199675832895e-96 9.28673132625762e-69 1.8955882693301986e-14 6.6374371544093e-15 0.0006117708777316709 0.9993882291222428 
7.3474928813209e-310 1.1793201922611188e-84 1.1793201922611188e-84 7.503263153104276e-46 0.002229684087960425 3.622992894524436e-11 0.9977701781714291 1.377043805884349e-07 
2.6090633069880604e-154 1.3542576441575545e-12 1.3542576441575545e-12 0.9999999999972914 1.0469457783134193e-37 4.881599257780693e-65 1.0241146891654674e-53 8.529153582957016e-78 
0.0 1.90316213615087e-65 1.90316213615087e-65 8.45269444841212e-46 1.1150076280803754e-06 2.7872432638115072e-08 0.9999043778264174 9.447929352197581e-05 
2.4530174758883938e-101 0.49999999999681055 0.49999999999681055 6.3789750116498505e-12 3.1939519482148143e-59 4.536749717317937e-80 5.158388220815093e-86 3.493735263744032e-125 
0.0 5.574342317841517e-125 5.574342317841517e-125 3.005307947705987e-122 3.7731491390003445e-25 0.0002122860957708509 3.8112129192343855e-09 0.9997877100930161 
0.0 1.9930528714219258e-72 1.9930528714219258e-72 1.1933740259844836e-52 2.4071827505673007e-05 5.045019061413093e-10 0.9934514184138259 0.0065245092541665545 
1.0 3.347440284458704e-113 3.347440284458704e-113 2.077196892832689e-144 1.4912288821139728e-261 0.0 0.0 0.0 
0.0 1.976806360975369e-77 1.976806360975369e-77 3.1539286586773933e-76 1.8070640618944089e-16 4.549130607354311e-16 0.00034664861015492704 0.9996533513898446 
2.841226394188932e-237 2.4239755410873667e-52 2.4239755410873667e-52 1.5801895481914266e-24 0.9999995091115492 4.424270628834399e-11 4.90844208064975e-07 1.563847199089664e-21 
2.0303922257888203e-101 2.0907304829373374e-07 2.0907304829373374e-07 0.9999995818539033 2.6693897211321684e-70 1.793176609798649e-181 2.9914101825986123e-99 7.913626173956384e-135 
0.0 1.0431943115893248e-116 1.0431943115893248e-116 6.259865890617003e-79 7.492162474388576e-20 3.619650387787563e-16 6.553908933957031e-06 0.9999934460910656 
3.4657301884867234e-252 4.003355868302687e-58 4.003355868302687e-58 1.833631483183995e-27 0.9999959229706634 1.3024793427354155e-12 4.0770280339982025e-06 1.4309899891041436e-18 
1.0 3.0485767986057304e-121 3.0485767986057304e-121 3.733050507989612e-175 1.9482571198545037e-239 4.7845793764915745e-303 1.125070596138167e-308 0.0 
3.074677361344364e-201 1.0915917772480042e-27 1.0915917772480042e-27 1.3677231156182116e-31 0.9999864157152192 3.1096130072608623e-21 1.358428478082772e-05 1.4607064836935917e-20 
2.867831552155107e-120 0.4999986459895275 0.4999986459895275 2.7080209449962843e-06 6.466043698339771e-32 3.6709297025009194e-72 1.4050591450185004e-54 8.381773912719138e-84 
1.0 4.910336971678286e-118 4.910336971678286e-118 9.970350778395091e-145 3.2060124562963392e-258 0.0 0.0 0.0 
4.465611052550154e-308 6.3386781949821e-63 6.3386781949821e-63 5.869487637130199e-62 4.128276459178163e-07 1.208019973135207e-11 0.9986255350763108 0.0013740520839630862 
0.0 3.7331812767932276e-60 3.7331812767932276e-60 2.757956649345224e-63 1.3104833062242776e-06 2.497309089304002e-11 0.8197377286034935 0.18026096088822724 
0.0 1.852192092915287e-134 1.852192092915287e-134 7.2309358565646435e-93 1.121615126205161e-21 1.1361812884892601e-23 3.5852650187550546e-07 0.9999996414734981 
1.7461268777871125e-256 4.4881302738658595e-57 4.4881302738658595e-57 1.292752739392883e-50 0.9999970836306326 1.11531792855967e-15 2.9163693661773808e-06 2.2354511822284197e-19 
5.1563380797284165e-288 4.8019686763039026e-76 4.8019686763039026e-76 2.1197754704305013e-59 6.682960797814181e-06 5.989144695138418e-15 0.999992476528859 8.405103372148222e-07 
3.7253936834804125e-132 0.49999999999999784 0.49999999999999784 4.345529220330398e-15 9.825860514613654e-28 1.2894944479793485e-46 1.562445280703268e-44 3.4896598552721957e-68 
2.2961482775751657e-305 1.579646353766285e-73 1.579646353766285e-73 1.1711797613767542e-70 0.015105931061508366 1.2311422163687516e-18 0.9848940688134802 1.250114654728699e-10 
1.2442114304035329e-241 1.1867035364596623e-56 1.1867035364596623e-56 1.7533688620241433e-39 0.9999843194823056 2.7830040038143805e-26 1.5680517694390857e-05 4.39844566461881e-19 
0.0 2.762543963242322e-124 2.762543963242322e-124 5.23421692429398e-94 2.9934749400335764e-05 1.4357434949879046e-08 0.9996012944512738 0.0003687564418909775 
0.0 2.12815112356243e-79 2.12815112356243e-79 3.5016837836667224e-73 3.254601387352315e-14 0.9999999185271782 8.147150607785123e-08 1.283185657978239e-12 
7.696601252274895e-104 0.4999999986137086 0.4999999986137086 2.772582855088532e-09 4.920914691106693e-95 1.503434488810199e-126 1.107679955777349e-124 0.0 
1.0 3.001442876471673e-130 3.001442876471673e-130 9.071744935034226e-207 6.043886473813967e-277 1.33799e-318 0.0 0.0 
3.83232437903e-313 5.843955791890657e-98 5.843955791890657e-98 7.372872699763591e-71 1.4321811948477344e-13 0.9999999999198631 7.999376320406088e-11 3.3927733647854965e-18 
0.0 0.0 0.0 5.956012683592935e-138 2.2685931983628256e-15 0.9999999995284329 4.715648376788876e-10 3.587408598344492e-17 
1.45120298892216e-93 0.4999999993002288 0.4999999993002288 1.399542290432617e-09 2.811941662002227e-90 1.1415917872505553e-120 6.4728182282205e-128 3.1214212343759097e-174 
9.093808390614049e-127 6.646635459685366e-16 6.646635459685366e-16 0.9999999999999986 1.209069801191563e-34 4.2831817927055546e-82 1.8906482926977e-56 1.336000075133031e-88 
2.332991270696349e-287 4.0890035031130714e-58 4.0890035031130714e-58 4.393850028044994e-43 0.01746542922802086 2.719639039607318e-19 0.9825335450326619 1.0257393172082367e-06 
1.0 5.574073709507353e-112 5.574073709507353e-112 9.00465280033132e-142 2.7336285323791557e-232 1.5021569349e-313 1.159141705678849e-295 0.0 
1.0 2.5637764800904145e-100 2.5637764800904145e-100 2.8253731380851123e-170 6.278308680994117e-248 1.7364544197219035e-279 0.0 0.0 
0.0 3.142324311425808e-104 3.142324311425808e-104 2.7472002949501342e-86 1.3228108617354414e-13 2.457358437838886e-08 0.017418444300942998 0.9825815311253404 
4.131801150173979e-305 2.8891624583887627e-86 2.8891624583887627e-86 7.638300245202369e-64 6.665908731846422e-06 0.9994005637037136 0.0005927703428257671 4.4728991710055136e-11 
0.0 2.1249080244328823e-175 2.1249080244328823e-175 1.094983084343817e-116 3.799516683247165e-21 1.2025675450486353e-26 3.921544365300263e-07 0.9999996078455635 
1.2715198131192994e-289 1.1953076737526744e-60 1.1953076737526744e-60 8.456826705890261e-56 2.050965561569194e-10 0.999983573518582 1.6425127564785157e-05 1.1487566300511768e-09 
0.0 5.7165746798131495e-149 5.7165746798131495e-149 1.6224327133998098e-129 2.409504572033762e-24 2.5350207408002144e-08 3.3487111205300557e-08 0.9999999411626814 
0.0 3.6877313607046593e-118 3.6877313607046593e-118 2.3484487388967766e-90 5.168107323007747e-13 7.20619748655524e-14 0.009638327497965135 0.9903616725014459 
0.0 1.0288569789508796e-107 1.0288569789508796e-107 2.1922326867678606e-75 1.6250130097093042e-10 4.116578577023364e-08 0.2639995532154505 0.7360004054562626 
7.35558261231165e-95 0.4999999999999938 0.4999999999999938 1.2301869907794057e-14 1.5666076887621535e-75 1.8637074693456297e-103 6.943676755881287e-108 9.886544670719198e-155 
2.2072016435155766e-78 0.4999999254920234 0.4999999254920234 1.4901595331472415e-07 1.4859359972175277e-79 2.9356148406709012e-111 1.1676099001402993e-115 4.63080132112434e-160 
8.782509557407061e-128 0.49999999999950606 0.49999999999950606 9.879526140322412e-13 8.471325607039567e-38 4.4671475503268083e-69 1.7191533621650527e-56 1.5195416694782562e-86 
5.3198182269401725e-133 0.5 0.5 9.084694335274675e-19 2.088782662652268e-42 2.058919125907939e-52 1.0362024214976921e-58 6.760195498214341e-90 
3.627043508057336e-107 2.3264267145751485e-10 2.3264267145751485e-10 0.9999999995347146 6.434144441070647e-54 2.1082738579048515e-152 1.3135197864704845e-82 1.0111579818316837e-130 
2.2644457075060074e-148 0.4999974816510753 0.4999974816510753 5.036697849317637e-06 7.362365791513554e-35 2.13837837314424e-61 3.032737802483646e-51 1.6824313467342305e-75 
1.1381501682935114e-110 2.1519024955596282e-09 2.1519024955596282e-09 0.9999999956961951 2.0405152995207358e-38 7.312891194507103e-92 5.567318677422158e-63 2.869430947837722e-100 
8.744841417407264e-194 1.997518450685281e-31 1.997518450685281e-31 1.646930943868756e-27 0.9999999962967929 2.2696419765249295e-32 3.7032070610749946e-09 3.5300319796249084e-25 
1.1563188050216372e-189 2.876529283818331e-23 2.876529283818331e-23 1.0 2.6931314993588525e-26 6.564463196017276e-70 6.205921301675323e-38 3.1001792382380654e-59 
2.4247948214749897e-124 0.4999999999999356 0.4999999999999356 1.2882004660436654e-13 3.3790007080481975e-69 3.1920695561545043e-102 5.377734965918747e-99 2.713649438514219e-129 
1.0521966301405162e-259 0.0 0.0 9.390905650701776e-53 0.9991022151023697 1.9443079593959375e-22 0.0008977848976292395 1.0364720946265953e-15 
4.567374628277238e-124 0.4999999999995242 0.4999999999995242 9.514727330668012e-13 1.4089831890865163e-63 3.993196176583857e-80 2.0893970543853864e-86 3.238218200852566e-123 
0.0 2.3293057980320792e-92 2.3293057980320792e-92 2.5405074320419167e-63 0.0006660966890044286 1.1703540976999475e-15 0.999333897704592 5.606402332518718e-09 
0.0 1.336169875767219e-94 1.336169875767219e-94 1.0818767018627066e-49 0.00010288016103664313 2.8706461489961997e-08 0.9998845674144192 1.2523718082618809e-05 
6.429367049727757e-123 0.5 0.5 2.5143966402212434e-19 8.924881711085071e-48 1.0460969642926897e-56 3.193118161112221e-69 2.627053127234945e-96 
9.46925136935e-313 7.600450657718262e-81 7.600450657718262e-81 1.8329574880081722e-72 8.069946750090281e-21 0.9999999999999993 6.952064787121849e-16 7.787766418168833e-18 
0.0 1.4373186722128567e-139 1.4373186722128567e-139 1.1947418191242656e-143 1.5461062464337967e-24 0.9999999999994207 6.543110440528523e-15 5.727707783575881e-13 
0.0 7.93301199258727e-106 7.93301199258727e-106 3.0017903495664135e-105 4.938273547721993e-21 0.9999999976718659 5.335015610029517e-12 2.3227991290707394e-09 
2.2706209471231582e-171 2.9673835197063605e-22 2.9673835197063605e-22 1.0 8.718887944418713e-32 2.8053646957531295e-68 1.3150757413881437e-48 8.949623100637169e-72 
9.633989710994373e-152 0.49999999999999734 0.49999999999999734 5.219985866549496e-15 1.1883874503522388e-24 4.29306614992076e-34 7.402523609391303e-39 7.277030756957583e-61 
0.0 2.2748260476586353e-107 2.2748260476586353e-107 1.862750571894396e-75 1.3818595787063534e-09 0.9999999028692691 9.574885314709569e-08 1.813284856582277e-14 
4.840538006989834e-108 0.4999999999998508 0.4999999999998508 2.9839155277311946e-13 3.7220630939424674e-51 2.0338092412541897e-116 2.9898515139366064e-76 4.453401410433809e-117 
1.0 1.8384564312293428e-108 1.8384564312293428e-108 4.763206936677474e-118 4.4598465730338915e-259 0.0 0.0 0.0 
1.1195670834639407e-241 1.9327457137541996e-43 1.9327457137541996e-43 8.207212574595108e-19 0.9991009790403425 6.116263345071771e-26 0.0008990209594773389 1.8011304105276435e-13 
1.0 1.0635533925200892e-142 1.0635533925200892e-142 3.7744613765258115e-193 1.807258959804789e-265 0.0 0.0 0.0 
4.949084209959342e-139 3.2371177741722892e-12 3.2371177741722892e-12 0.9999999999935257 2.2277571256410021e-66 4.2648954339414124e-92 1.1208531654791517e-92 1.616044447131722e-132 
5.347006536365864e-133 8.278449647798035e-09 8.278449647798035e-09 0.9999999834431007 3.0779937777885843e-41 1.604236371251601e-89 2.504383734100777e-59 1.0216568096635947e-87 
2.098610402860876e-99 0.4999999999999994 0.4999999999999994 1.3519775508525074e-15 8.789677486841368e-48 7.473531118719363e-71 2.5575349561121654e-76 9.291790997703857e-115 
7.490230401358348e-94 0.49999999999999906 0.49999999999999906 1.8280631477736257e-15 1.3531120898539116e-50 1.0472018055889225e-95 5.221187580138909e-82 1.544491933600459e-123 
2.6661672502618076e-114 0.499999999996441 0.499999999996441 7.117919724182683e-12 3.131471684011183e-56 2.6959940686743556e-98 1.9212406858672224e-80 1.1475055769818602e-114 
7.082659528955128e-118 2.7634304799940847e-15 2.7634304799940847e-15 0.9999999999999946 3.0894129845297247e-55 7.676697741852941e-152 6.986847247478885e-81 7.6690547534404935e-118 
3.8430005817521226e-161 1.6881463204739467e-21 1.6881463204739467e-21 1.0 8.239871815989031e-38 6.61387177117368e-92 5.670820842492127e-54 4.313099322651137e-83 
5.889893154619319e-122 0.4999999999999345 0.4999999999999345 1.3092321821873136e-13 2.2889422851539732e-35 2.696224761966792e-58 2.098008877005427e-56 1.1375388031407717e-85 
0.0 1.1604503898901612e-170 1.1604503898901612e-170 1.0939494415850222e-121 6.583996196531723e-14 7.207006008205581e-06 0.17193257861332542 0.8280602143806005 
1.447157043718265e-137 0.4999999997989338 0.4999999997989338 4.021323577346311e-10 6.446857916893999e-39 6.558904599786691e-60 3.995714393580988e-57 5.174357195493863e-80 
3.0617602863666027e-78 0.5 0.5 1.473749719405071e-19 2.808268640923136e-91 4.8552615615673655e-123 1.4396711177446962e-132 4.307243718471625e-186 
1.039499168126678e-170 1.6179785301077298e-11 1.6179785301077298e-11 0.9999999999676402 1.3954098652139209e-39 2.615853485772768e-72 9.129942354223406e-54 8.844293433936913e-79 
4.146521094893258e-243 7.773324758217231e-63 7.773324758217231e-63 2.141980508257374e-58 0.9999840084669055 8.423608923399362e-29 1.599153309453566e-05 6.9075970576637e-18 
2.77243727346805e-310 5.643679016662093e-77 5.643679016662093e-77 3.9612686843676816e-60 0.00026919858660392614 0.10561568200793393 0.8940486740329228 6.644537253936153e-05 
3.403895414577361e-150 7.557300565727695e-13 7.557300565727695e-13 0.9999999999984884 2.1412091429401062e-29 4.1804637446062034e-70 8.294797980122923e-46 2.1864440082130223e-72 
6.352997361875598e-232 6.515045710108983e-37 6.515045710108983e-37 4.810596030052109e-28 0.9999988599454942 1.9823413196393134e-09 1.138072164484063e-06 1.0770804684587733e-21 
3.726774916924775e-307 2.450566659001771e-72 2.450566659001771e-72 2.2874183546119622e-45 0.000581659943229536 1.3245712855908017e-19 0.9994158118644308 2.5281923395933343e-06 
7.989071895640256e-130 1.7633111416584442e-11 1.7633111416584442e-11 0.9999999999647338 2.5748882314473885e-35 2.4814616533458273e-101 1.0030997570680225e-52 2.30422109881174e-82 
7.061368135663497e-265 3.427461457502749e-81 3.427461457502749e-81 4.4174670856643934e-41 0.9993534005622199 1.2933217288612613e-12 0.000646599436486784 4.4824607257331295e-17 
5.776600951175966e-106 0.4999999998825325 0.4999999998825325 2.3493502370604905e-10 2.3554822224198568e-66 8.427401051909856e-103 6.763501176232958e-97 2.3804374772156784e-135 
0.0 1.101427348136133e-133 1.101427348136133e-133 8.433989863152284e-113 6.661587465212164e-16 8.9464298395283e-16 0.00013701743541631793 0.9998629825645821 
2.1765733761068405e-287 1.2872257476284363e-79 1.2872257476284363e-79 4.782753745459099e-34 0.5224493131059756 4.966812872752869e-11 0.47755068658697325 2.5738298756614536e-10 
4.267778274094419e-124 0.499996964332205 0.499996964332205 6.071335590072508e-06 5.5021154205428765e-76 1.4275275182240966e-106 9.350377315866429e-96 5.022804722013456e-141 
0.0 6.404703055127387e-148 6.404703055127387e-148 2.9559182026695614e-91 2.782216091533379e-20 4.829556875750561e-19 7.5691970291198725e-06 0.999992430802971 
0.0 6.328345159672362e-67 6.328345159672362e-67 5.071950950753695e-67 2.341061172531209e-17 1.566238530545272e-06 0.0016510987721732524 0.9983473349892962 
1.0 1.2362634522436558e-108 1.2362634522436558e-108 5.770179026606431e-165 9.828519050906623e-228 2.5716931072744886e-276 6.2609448210972745e-291 0.0 
5.773154486764736e-301 2.7294893866356605e-58 2.7294893866356605e-58 1.6897776840925956e-60 1.2484386839776569e-06 6.149001538952095e-23 0.9392233055348145 0.0607754460265017 
7.63010157498e-312 4.9274569323758326e-82 4.9274569323758326e-82 3.562721271080667e-58 0.00011316501165756294 4.05720108558026e-10 0.9990579245877348 0.000828909994887632 
6.318025381240678e-210 4.464431039570086e-48 4.464431039570086e-48 6.310377898644043e-24 0.9999279784984486 3.4151108304228044e-21 7.202150155136703e-05 1.378632101722953e-18 
1.0 1.4013346590140309e-136 1.4013346590140309e-136 2.0534198211509598e-180 3.866003340618883e-199 3.67224079074783e-274 6.626235440148303e-265 0.0 
0.0 9.020259841533749e-105 9.020259841533749e-105 5.458855924922737e-62 1.481961321668196e-17 1.1341689948452321e-24 0.0001608549348696157 0.9998391450651304 
4.454743380064202e-115 0.5 0.5 2.5035733103668172e-18 4.375027091692233e-92 2.183249212423383e-114 1.2369400414346558e-120 7.833886399480526e-157 
5.037675917564434e-105 0.5 0.5 3.5234180601287307e-19 2.983833045324882e-94 1.1467390110750745e-116 5.362414656086587e-130 1.7979839256138833e-180 
1.0 8.942933087840664e-98 8.942933087840664e-98 4.4487820340485305e-117 7.720118505951281e-237 0.0 7.858492939797924e-296 0.0 
1.4646220384289448e-288 6.744864469294748e-95 6.744864469294748e-95 2.084390213754073e-55 0.9868834061943985 2.7061442278417882e-14 0.013116593801855638 3.718746950067034e-12 
0.0 9.8711371956174e-109 9.8711371956174e-109 8.467298021986144e-76 2.9407335675880548e-08 0.9709299207004495 0.028802902948255504 0.0002671469439593724 
0.0 1.8386695059225212e-127 1.8386695059225212e-127 2.8180702645478705e-119 6.890642792317104e-22 0.9999999999855113 1.697288819929881e-12 1.2791433397669565e-11 
4.2189916702710267e-246 5.532073208199785e-51 5.532073208199785e-51 4.70236824899298e-38 0.9990115269744954 4.550850669678457e-10 0.0009884725704195731 2.6652368963212174e-17 
4.2390326110661286e-161 4.4034112334806086e-13 4.4034112334806086e-13 0.9999999999991195 4.5803784788279756e-54 0.0 8.415190455985056e-69 1.2851441988589827e-93 
2.0050781544624135e-123 0.5 0.5 1.4333035832946756e-28 9.73193691023086e-46 2.2583438758225906e-63 1.0027342939857049e-70 3.0489734525542693e-103 
3.5886807183018525e-118 4.410809796011229e-14 4.410809796011229e-14 0.9999999999999117 1.952194980318311e-42 3.4301332516474356e-120 9.019480699967767e-68 2.2677404731086683e-102 
1.5855362046065618e-235 1.5877940667891905e-54 1.5877940667891905e-54 7.056225165254298e-40 0.9999994869810602 3.507978577586988e-18 5.130189397309545e-07 4.254971902657645e-20 
1.5041014204139541e-249 1.485256684211595e-46 1.485256684211595e-46 1.6201075449192228e-33 0.9979675956204135 4.353633770846375e-21 0.0020324043795862962 1.7475161251635233e-16 
0.0 9.804603962748719e-117 9.804603962748719e-117 4.812985768793597e-74 3.431305641776374e-11 2.265396849969848e-08 0.6202799910336897 0.3797199862780287 
0.0 1.7649375020828601e-99 1.7649375020828601e-99 2.7516790258223308e-64 1.3762981711500041e-19 3.845566236139042e-22 1.3607613344385287e-06 0.9999986392386656 
1.3540180379278438e-138 1.385220216885511e-08 1.385220216885511e-08 0.9999999722955957 7.380944164016477e-29 3.971713984109033e-94 1.9789600580515508e-50 9.35300107436412e-81 
0.0 1.0251488146386694e-62 1.0251488146386694e-62 1.0119694567433893e-90 6.869125855056351e-19 0.9999999999963508 3.2938513623125557e-12 3.553325115146293e-13 
0.0 2.9622406775741436e-71 2.9622406775741436e-71 8.053034153857962e-51 1.9788539333157532e-14 4.2385870562355243e-16 5.048811893780714e-05 0.9999495118810421 
0.0 2.983753544377857e-90 2.983753544377857e-90 7.10617713051542e-78 5.989563746421289e-21 8.217358331050355e-11 5.626288832475416e-06 0.9999943736289939 
6.1445610146338345e-257 2.60020109168101e-72 2.60020109168101e-72 2.970613130578388e-35 0.9999838501507595 1.467806951543861e-12 1.6149847772821705e-05 1.1107471223171372e-19 
3.462561032412483e-145 0.49999999999991945 0.49999999999991945 1.6110726118118819e-13 2.022250741665677e-43 3.2838030581851846e-69 4.92582605697408e-61 1.4694467344061526e-87 
0.0 8.176523803150118e-137 8.176523803150118e-137 1.2765521443809167e-75 7.581094397240142e-07 3.114363849365349e-13 0.9999991165666506 1.2532359814700489e-07 
1.151725064539456e-98 0.5 0.5 1.3390014023034042e-24 2.5367280079078704e-85 9.448154373750383e-132 2.97687756254253e-117 2.16146874437115e-168 
1.0 7.343474156054565e-102 7.343474156054565e-102 4.859223610923352e-168 2.146132488562373e-227 1.7543021873919826e-272 2.0695788654148946e-292 0.0 
7.877500156581848e-167 7.973574781949355e-08 7.973574781949355e-08 0.9999998405285043 6.291600176892611e-19 4.405662989346076e-33 8.874964059231598e-29 7.740141849544381e-49 
1.3847656577863855e-229 1.6431153609784347e-52 1.6431153609784347e-52 4.614370128819529e-47 0.9999179223181667 1.2125420162529466e-26 8.207768183330651e-05 1.4552067126831076e-18 
2.167372296153659e-148 0.4999999999987274 0.4999999999987274 2.545204264940973e-12 2.2866308303058757e-34 1.9311853797946584e-56 1.89326301304082e-50 1.5531708791746411e-74 
3.725888472619252e-131 0.49999999999998557 0.49999999999998557 2.896617227170262e-14 6.026853325997498e-41 7.312076266735971e-66 1.204363494577199e-62 4.430428813463228e-89 
1.653971720460523e-98 0.4999999992961248 0.4999999992961248 1.407750350840095e-09 5.57566062846259e-82 1.8466949190774737e-120 2.4313203455091153e-115 3.59724128693323e-163 
0.0 3.098578060322293e-118 3.098578060322293e-118 6.614322105025907e-74 4.2095913633383985e-17 5.143637435839817e-22 0.000972470966384162 0.9990275290336159 
1.9157847884748184e-254 9.307980403597138e-70 9.307980403597138e-70 1.559212798998596e-45 0.9999829724407838 3.187515361758815e-11 1.7027527341142648e-05 5.217555147288472e-17 
0.0 9.213342647713768e-105 9.213342647713768e-105 9.130802283868705e-62 2.333488095461942e-17 3.630956316719161e-20 0.0013543050035842183 0.9986456949964158 
8.69215500994682e-120 1.5860225950337823e-11 1.5860225950337823e-11 0.9999999999682797 4.7141461337677195e-49 0.0 1.6599669075409037e-77 3.973465607752689e-111 
1.0 2.7676253597765767e-110 2.7676253597765767e-110 2.0330421090342716e-136 1.3788418164874177e-204 6.294380187697064e-293 3.4327327437952586e-262 0.0 
0.0 3.6634728397524443e-110 3.6634728397524443e-110 1.0764462354154899e-122 1.2527190725902249e-23 0.9999999999999999 1.5464759670305706e-16 1.2441730144699369e-17 
0.0 1.0543708236022664e-92 1.0543708236022664e-92 7.331363866180522e-65 8.328993821007461e-14 4.3813455686370816e-13 0.0035570355442854315 0.9964429644551931 
0.0 3.133463965804681e-98 3.133463965804681e-98 6.304310001982264e-64 0.0001908000937208139 9.022443995284756e-05 0.9996889430003792 3.0032465947087906e-05 
0.0 9.971769241000481e-76 9.971769241000481e-76 8.728737146508271e-67 5.854209503867164e-11 0.9999827002794606 1.7294343149090388e-05 5.318848305904667e-09 
1.7211189772768923e-97 0.5 0.5 8.694341516230796e-22 1.0197153104797285e-78 3.4251895187259246e-130 9.958334975049109e-115 5.153740581770035e-165 
0.0 2.613747360388462e-68 2.613747360388462e-68 3.036558485863757e-72 1.4111412705551384e-25 1.0 8.83712189987904e-24 1.7091820509194396e-28 
4.2728746535117965e-104 0.5 0.5 3.420491650616884e-19 3.019985789695879e-46 1.9304736894088666e-49 3.3107225111357267e-72 7.658255325470221e-107 
2.9074084442311036e-260 1.269908043192418e-56 1.269908043192418e-56 9.693401711005917e-39 0.999700251830981 3.390431746824496e-14 0.0002997481689850763 1.4180648724593037e-17 
1.4955749963862452e-117 0.5 0.5 3.988837870022184e-25 4.982345504962351e-69 1.5793548920027416e-65 1.8784139089961763e-93 7.697198279613785e-132 
4.0699319467700106e-247 2.2016672526695148e-70 2.2016672526695148e-70 3.1263991182925685e-41 0.9999937088922274 1.0752086616846374e-29 6.291107772561737e-06 2.574142640949356e-19 
1.075390644473126e-106 0.4999999999999999 0.4999999999999999 7.28018359069071e-17 1.937221113417177e-60 1.724872822610291e-74 3.0874752636318394e-89 2.700651748520586e-126 
0.0 0.0 0.0 2.79939213915279e-96 7.4433248392523515e-09 8.876569474911823e-06 0.9806947515462875 0.01929636444091278 
4.962228260658346e-239 2.961785979674502e-59 2.961785979674502e-59 1.7790782715308642e-16 0.9999991553877664 3.598156207022935e-18 8.446122333675919e-07 1.3044001615210379e-21 
7.931770684224253e-112 4.2784848295111397e-16 4.2784848295111397e-16 0.9999999999999991 2.746856472534673e-44 5.725823249894026e-81 3.370959735808046e-72 6.189584262241321e-108 
4.485695100172374e-99 0.49999999973539155 0.49999999973539155 5.292168558768084e-10 4.847849429887788e-55 2.6043014773961533e-65 6.690178495883702e-83 2.33303637469511e-117 
2.138700619331494e-121 0.49999997090408294 0.49999997090408294 5.8191834021979045e-08 5.540563217141471e-80 0.0 3.699029396778026e-111 3.6992643960204817e-149 
3.6091001674464004e-92 0.4999999999994698 0.4999999999994698 1.0603461521620423e-12 1.118866762546081e-54 1.6987466829997192e-89 1.5596736444992767e-86 4.130122861233799e-127 
0.0 7.896199470982357e-99 7.896199470982357e-99 7.874397961320805e-110 2.6267293152508295e-17 1.3675563272866334e-10 0.00036487595061767395 0.9996351239126267 
4.057527949218098e-91 0.5 0.5 3.138077953281927e-23 2.046532853001276e-115 1.9691052173310957e-104 1.689304468053948e-153 2.6680498965919327e-210 
1.0 7.083771385220389e-128 7.083771385220389e-128 1.959673991429978e-157 2.2382896258249292e-244 0.0 9.60966857186e-313 0.0 
7.053097452839425e-127 0.4999999999999742 0.4999999999999742 5.168695160636751e-14 2.524794871018979e-55 3.649609574305733e-76 2.472843497056632e-77 1.1868987697278045e-106 
1.0 1.3385711975861336e-150 1.3385711975861336e-150 1.3885839860072502e-182 3.4818310753518434e-255 0.0 0.0 0.0 
1.0 9.453345408847976e-99 9.453345408847976e-99 6.910065180358279e-147 7.968824657872794e-257 9.23107e-319 0.0 0.0 
0.0 1.626271792887188e-91 1.626271792887188e-91 3.1386007579723996e-67 0.00013763061878161226 2.2728858953928847e-10 0.9998486597762604 1.3709377669322918e-05 
4.819057701004252e-171 0.4999999999998779 0.4999999999998779 2.4428033780596225e-13 4.722398808565317e-34 9.415062155995e-58 9.531422512548099e-45 1.6371500104293286e-65 
1.7871836836417303e-306 4.187937148891483e-71 4.187937148891483e-71 5.552573099445442e-49 0.000751085053622286 2.192224041974054e-11 0.9978516229497599 0.0013972919746955614 
3.468173464537572e-150 3.084472697171704e-12 3.084472697171704e-12 0.9999999999938309 2.8656759711826346e-30 1.069222375552912e-98 6.059213992734402e-51 1.1313533002397937e-80 
2.6045127774183425e-180 7.917593245635678e-15 7.917593245635678e-15 0.999999999999984 1.676291840003734e-34 3.933141072941779e-52 5.472115687415176e-49 1.6008211267500157e-67 
0.0 1.0187462359906721e-116 1.0187462359906721e-116 1.3422075557684354e-75 5.963434148090406e-13 3.029697062856679e-15 0.2580304195019651 0.7419695804974357 
1.5948477451408958e-86 0.49999999945996476 0.49999999945996476 1.080070443584042e-09 3.347665063858536e-85 2.0831750288734683e-129 4.691293040312015e-124 5.0853933612540835e-177 
0.0 2.9273106962793226e-88 2.9273106962793226e-88 8.84971221386248e-126 2.2453233674438925e-36 1.0 5.0270714166285607e-23 3.04393431668623e-19 
7.925872729462389e-160 1.3987170156047134e-09 1.3987170156047134e-09 0.999999997202566 4.690165505414276e-28 1.0831961683121753e-53 2.3512479376533066e-44 1.960142974523952e-70 
1.0 2.5598796305246244e-192 2.5598796305246244e-192 1.1155178900440643e-204 3.5472316321649016e-217 0.0 5.959801463269038e-282 0.0 
0.0 2.19129994561163e-135 2.19129994561163e-135 1.4905522116996441e-95 0.6155066533855239 2.5666876774813715e-18 0.3844933446343925 1.9800835296500747e-09 
0.0 1.4553656823562147e-78 1.4553656823562147e-78 1.5319765717297813e-57 6.135406171321305e-18 3.41131375274847e-14 9.807904089337688e-05 0.9999019209590725 
3.9326469571725103e-125 5.1897824902503255e-09 5.1897824902503255e-09 0.9999999896204349 1.6277728117027628e-67 0.0 2.446523005900841e-97 2.3121149873917575e-132 
1.4263192809678567e-94 0.49999982061550713 0.49999982061550713 3.587689857252818e-07 8.00556177927027e-58 0.0 2.2594286812788384e-86 0.0 
1.0 5.112244792037453e-107 5.112244792037453e-107 5.539903144843557e-122 2.889026244708814e-250 0.0 2.05146e-319 0.0 
0.0 5.3620569250707956e-111 5.3620569250707956e-111 5.55663924441507e-69 2.5459019132828595e-09 0.9997380847644074 0.00026191162568037663 1.064010243817412e-09 
5.7838526425904504e-92 0.49929792016584407 0.49929792016584407 0.001404159668311904 1.7862841934058575e-90 1.1033205916054648e-125 1.7234453943506927e-126 0.0 
1.9425362085543862e-77 0.4999999999993055 0.4999999999993055 1.3889258750823956e-12 7.219485203191747e-95 1.3515801885799602e-158 5.430177990142602e-131 9.01210898508466e-179 
2.2669680462681203e-154 0.499999999999479 0.499999999999479 1.0421218674361543e-12 4.17306029861119e-34 1.2742927140412534e-37 1.384187289805479e-47 1.8547151469264654e-68 
1.0 4.0854817491479438e-165 4.0854817491479438e-165 1.5964173437130946e-199 2.905653261378663e-252 0.0 3.8259855347e-313 0.0 
3.921524137740342e-109 0.499999999999966 0.499999999999966 6.793679477737126e-14 9.694263186942589e-71 1.035240779722833e-115 3.419536136414733e-100 1.5512848600824183e-138 
9.524818007008093e-98 0.49999999999998623 0.49999999999998623 2.7554954777230878e-14 5.66644809205027e-48 5.0690472552252335e-93 6.230179659620159e-75 1.1103417607060787e-108 
2.0816260722355592e-117 7.94044351785948e-12 7.94044351785948e-12 0.9999999999841191 2.436116025036281e-34 1.176618995404078e-97 3.250778763719786e-63 1.6102753103378558e-101 
9.528733242526267e-242 1.734651441670785e-55 1.734651441670785e-55 1.8832670037482487e-47 0.9994129957118897 5.072662881594428e-29 0.0005870042881100604 1.4933866640950037e-16 
2.723325504456129e-122 0.5 0.5 8.824431545083174e-20 3.900595179021897e-37 1.4928427080457188e-81 2.379750190839237e-56 6.841453145350901e-91 
5.8307309490006406e-133 4.771180095297472e-21 4.771180095297472e-21 1.0 1.1832903825732384e-79 0.0 1.6502112356455178e-110 0.0 
1.3429375675933125e-120 0.5 0.5 1.277519455743649e-19 4.9949349809159884e-61 2.5200602257682915e-78 3.594770975812872e-89 3.965512516187808e-122 
3.052132025103686e-129 0.4999999997776129 0.4999999997776129 4.447741942496056e-10 1.7991119160701723e-30 4.631262120745126e-59 5.1876618409761135e-49 7.655468248117622e-75 
6.381493604290545e-134 7.635580477612246e-16 7.635580477612246e-16 0.9999999999999986 2.2288906872801914e-31 6.360505422871095e-90 1.9743156541880977e-48 7.768868981522136e-79 
2.5470470659875126e-145 7.281178410544607e-15 7.281178410544607e-15 0.9999999999999856 1.1003677812005166e-53 6.369147903298498e-92 9.580021066662791e-76 3.094221411664235e-103 
0.0 1.6123928970449642e-101 1.6123928970449642e-101 3.9033444854593037e-75 1.077401511016467e-06 1.749074348857712e-17 0.9997845066555404 0.00021441594294864744 
3.906825334840098e-84 0.5 0.5 3.3607011208594825e-17 7.279469013789402e-62 1.0083850662235901e-72 8.534023686881986e-95 3.161317699299629e-132 
1.4512976749485113e-115 0.5 0.5 2.236406983151495e-21 2.6714476141469497e-68 2.0765071183100776e-85 3.966776431119469e-98 1.3639676715534054e-135 
1.0253852052035812e-148 1.5339514337388547e-20 1.5339514337388547e-20 1.0 3.7554322491098015e-27 8.290205757393249e-72 9.514242068319851e-46 4.0523089737066184e-74 
1.0 2.0649520233254778e-127 2.0649520233254778e-127 4.986635381754183e-154 3.9203231974160854e-264 0.0 0.0 0.0 
3.386444599106099e-277 3.383328437831151e-79 3.383328437831151e-79 2.2760453294720353e-47 0.9560626138273733 5.763374945198334e-16 0.0439373861724505 1.7554612634114672e-13 
0.0 1.2646440344164325e-113 1.2646440344164325e-113 9.745703176208448e-98 9.921352544382924e-18 0.9999999999223803 7.756078892193493e-11 5.899954624012371e-14 
5.879856576756284e-144 0.4999999999725167 0.4999999999725167 5.4966546126469235e-11 7.617752709596689e-50 1.142535339564299e-80 6.416407276434453e-69 5.499048490958174e-94 
1.215767190853378e-140 0.4999999999999993 0.4999999999999993 1.3271626482915122e-15 9.309883364459701e-51 5.341652085203503e-65 3.013021436505274e-71 7.839816168034018e-101 
1.025679725554494e-129 0.5 0.5 9.382275033186742e-18 1.6122230007759998e-47 2.6935185699362964e-55 1.5614834187456742e-66 3.2567868209844692e-93 
9.301533993572992e-281 8.113650030909701e-80 8.113650030909701e-80 4.9674111922037475e-51 0.07262065068901899 8.518424152910823e-15 0.9273793453871032 3.923869290590394e-09 
1.7291575121606907e-84 0.5 0.5 2.1989708212230967e-19 1.5369095689374523e-80 4.4807807530327515e-88 1.1118258269821239e-117 1.319647960595067e-159 
7.287267133231099e-236 2.3158561516266023e-47 2.3158561516266023e-47 2.0394581186622406e-46 0.9999757088320254 7.46702669865139e-19 2.429116797464736e-05 8.722285175301177e-19 
0.0 1.2584289094964806e-143 1.2584289094964806e-143 2.2349537151487996e-101 1.9348814857828956e-25 1.0627139744579942e-14 1.010424033005134e-08 0.999999989895749 
0.0 4.502211183659566e-90 4.502211183659566e-90 5.031672731932793e-89 3.8865290009642363e-26 0.9999997788950454 1.2584169527108901e-11 2.2109237029284332e-07 
3.2143680354703575e-232 7.599823239544724e-44 7.599823239544724e-44 5.211635489281315e-32 0.0013590917157825348 7.822005713053909e-07 0.9985487151257911 9.141095785499666e-05 
5.041082782149802e-147 0.499999999999999 0.499999999999999 1.849404062939506e-15 2.9569371382722115e-52 1.2167256531015194e-101 7.810849656281677e-72 1.8028546588027886e-95 
0.0 1.5131217388881034e-96 1.5131217388881034e-96 5.91670338622523e-68 3.273095978883068e-13 0.010180187223184402 0.0029202831250514814 0.9868995296514368 
0.0 1.7221015397669524e-104 1.7221015397669524e-104 1.4669053478886256e-103 5.895545041178386e-19 0.9999966458904479 3.27968180842019e-08 3.3213127339704336e-06 
0.0 8.07583601031522e-93 8.07583601031522e-93 6.538192537370156e-68 1.0365624903086564e-05 2.0660727166577696e-23 0.9999315421619605 5.809221313634773e-05 
0.0 4.911379840773399e-66 4.911379840773399e-66 3.760126556105151e-44 4.274055171851727e-19 7.11665926354554e-08 3.083531716956063e-05 0.9999690935162378 
9.44070489075681e-106 6.59374630653835e-19 6.59374630653835e-19 1.0 3.351292536505689e-71 0.0 2.6141976279793583e-101 2.9440721183453733e-155 
1.0 7.225379142457385e-181 7.225379142457385e-181 7.931144170118631e-177 1.5962695216907107e-262 0.0 0.0 0.0 
2.9195394551e-313 4.453368034295338e-65 4.453368034295338e-65 3.0287039385020734e-52 7.281920145600514e-05 9.861740124617068e-17 0.9997463741259456 0.0001808066725983217 
5.928110261875927e-142 1.8803992793007467e-08 1.8803992793007467e-08 0.9999999623920144 1.1468193335589174e-37 2.4264016816180414e-83 2.7142195696506756e-56 3.1137008571985542e-83 
6.364554282949747e-259 1.148658382096357e-87 1.148658382096357e-87 6.222135408772068e-50 0.9999694705752923 6.577226840435793e-14 3.0529424642078694e-05 3.9691985572095973e-20 
0.0 3.420699802673193e-76 3.420699802673193e-76 2.888903054144617e-96 8.028446383798844e-34 1.0 1.493918021371456e-21 2.482557451006521e-18 
0.0 3.718646769973619e-80 3.718646769973619e-80 1.6107695303210825e-81 4.71699822195076e-16 5.167411190712417e-18 4.338216918010408e-05 0.9999566178308193 
7.121162072989061e-112 0.49999999999318384 0.49999999999318384 1.3632331395643459e-11 1.55072608109629e-61 4.063859541927342e-92 1.7409021787813282e-87 2.4008481887492785e-125 
0.0 8.734288414415085e-162 8.734288414415085e-162 1.5164525316125146e-122 2.995326565741072e-18 4.3784305676578516e-13 1.1700103682431283e-05 0.9999882998958798 
1.0 7.782163499590769e-124 7.782163499590769e-124 3.821448700873654e-120 9.083507578098272e-255 0.0 1.4827e-320 0.0 
4.074321635554926e-102 0.5 0.5 2.0403717521663675e-24 4.450652371008198e-79 5.666064245475853e-103 9.482828446672838e-112 1.4120370416406478e-147 
0.0 1.7937672215020523e-129 1.7937672215020523e-129 1.6208887161077484e-104 2.8948854668037573e-15 7.451693357522452e-10 0.00020152530304376088 0.9997984739517841 
3.0277605720101223e-68 0.5 0.5 9.491233158603869e-23 2.659653457558804e-86 1.1544265507306981e-95 2.3676091069070017e-123 3.4851738624920705e-172 
0.0 0.0 0.0 2.688022876503065e-110 1.0290622170669312e-10 0.9993310717255356 0.0006685954243550882 3.327472031142098e-07 
1.5705455461522483e-110 0.5 0.5 1.3651635691205746e-19 1.093225658483614e-64 2.9884299033267558e-108 1.3461177407993558e-95 3.776089236167901e-135 
8.531069486326947e-264 3.0300134632376473e-74 3.0300134632376473e-74 9.382636423677135e-57 0.9999977806979135 1.594549986351171e-28 2.219302086600269e-06 8.852529238350553e-21 
0.0 1.0715391688168377e-89 1.0715391688168377e-89 1.4480443452115876e-100 7.968061968843053e-29 0.999999999996647 1.029803421727941e-16 3.3528883657305686e-12 
2.7274109895524123e-128 0.4999999999916812 0.4999999999916812 1.6637538372360717e-11 3.6221899842640633e-56 0.0 3.3349512406034916e-77 3.690985602387818e-105 
6.418022558983493e-192 1.8985634549169403e-10 1.8985634549169403e-10 0.9999999996202871 5.158141430476751e-36 0.0 1.2230422736935723e-45 1.7896146719345837e-65 
5.679202193664756e-141 5.336306814575944e-14 5.336306814575944e-14 0.9999999999998933 2.3352749337053658e-35 1.2937626364694467e-73 1.0625300104885285e-57 1.5633883432259783e-86 
2.965425273159817e-164 0.0013782611657002619 0.0013782611657002619 0.9972434776683331 2.663467406638141e-13 3.181746021634898e-41 6.741684341052926e-25 4.675316664623814e-47 
2.662877989059514e-134 0.49999999997236694 0.49999999997236694 5.526604359249056e-11 5.569335612812577e-59 2.105095792668176e-71 3.324518608951014e-81 3.54193405793979e-107 
1.230057389646181e-249 1.0805968414226827e-45 1.0805968414226827e-45 2.9311613761282494e-27 0.9779749814343165 1.6218450951586896e-12 0.022025018511221735 5.283990643933397e-11 
2.3270855243336757e-222 4.056186531693805e-67 4.056186531693805e-67 1.2424549824302877e-42 0.9999600268396961 2.214899433148712e-26 3.9973160303900225e-05 8.11289935573747e-20 
2.6929417953741094e-136 0.49999910792150426 0.49999910792150426 1.784156991627864e-06 4.8772990080005704e-52 5.536275228478223e-78 1.9446287083272926e-73 2.0564799012249193e-108 
0.0 1.3745151621447002e-102 1.3745151621447002e-102 4.536294471176976e-71 7.667357202242157e-09 1.0922608938724488e-07 0.8090884653593096 0.1909114177472437 
0.0 5.876046947293661e-134 5.876046947293661e-134 1.773940554670127e-91 2.4529617743573482e-21 1.8544865834804698e-16 3.0478119382357277e-06 0.9999969521880615 
1.0 1.3244672050174892e-96 1.3244672050174892e-96 5.317724976740735e-125 4.745986712423318e-190 3.2896091032992996e-278 9.247125456593992e-247 0.0 
8.420738354681394e-250 4.182317952115724e-67 4.182317952115724e-67 2.4512358344531257e-31 0.9999995445877456 1.742139433262734e-15 4.55412252608597e-07 7.01768111374621e-24 
8.064416384050032e-123 0.4999999999878292 0.4999999999878292 2.4341595524130995e-11 5.348267158867689e-35 2.4875220027070153e-70 1.620560820928815e-54 9.893697221650167e-84 
0.0 1.3225905087213838e-125 1.3225905087213838e-125 8.26699879954463e-108 2.484074697079302e-06 5.176533725018879e-12 0.9999966154780516 9.004420747402469e-07 
1.1383724866464269e-104 0.5 0.5 7.382191233295504e-30 2.1641631946674663e-57 9.353606497459774e-53 1.1594777771059958e-82 1.4672064095763124e-117 
1.0897801887612109e-249 2.705677224874311e-67 2.705677224874311e-67 2.257604348818937e-55 0.9999801916501528 9.11796299023784e-19 1.9808349847131995e-05 1.3368437673878565e-21 
4.032040032855821e-294 1.0538994488375763e-101 1.0538994488375763e-101 9.653639381639617e-72 0.12482315208731616 6.625579802587578e-13 0.8751767111231581 1.367888632428663e-07 
4.0873648640337e-128 9.60470865781281e-13 9.60470865781281e-13 0.9999999999980791 3.897920692626116e-57 0.0 7.937645640146664e-84 0.0 
8.213480930048547e-132 5.041961162950043e-09 5.041961162950043e-09 0.9999999899160776 5.305549530464136e-40 7.080511523508544e-121 2.59527646339052e-62 5.440672069538598e-88 
8.19489340469563e-96 0.49999999999996053 0.49999999999996053 7.887585013425719e-14 4.512390927526024e-78 8.250526001236286e-130 2.4168054895528806e-110 3.601196439052368e-157 
8.914487672415101e-156 1.4693824703971764e-14 1.4693824703971764e-14 0.9999999999999706 5.883713245526224e-48 5.8777980130970565e-108 1.3922407838066527e-68 7.187799861454103e-104 
6.54969780732275e-281 2.754341710740834e-69 2.754341710740834e-69 3.6057033277879337e-56 0.7929321385965732 7.576258927226131e-20 0.207067861130551 2.728757981258595e-10 
1.603578829215988e-239 1.41403510681649e-46 1.41403510681649e-46 5.7063813302402265e-49 0.1502742973773198 3.141567161446592e-08 0.8497256001301018 7.107690696347476e-08 
1.6487555893319047e-284 2.8878862870767163e-63 2.8878862870767163e-63 2.262215364804363e-56 4.338586664828837e-07 3.294060613225833e-10 0.9986704393801157 0.0013291264318117705 
1.2760049784074808e-281 1.5610858053047492e-57 1.5610858053047492e-57 3.270315701939772e-37 0.0007090312062200975 1.0988057738875431e-09 0.9992908927320464 7.49629277477881e-08 
2.286284958993424e-114 0.4999999999999998 0.4999999999999998 5.15199294254184e-16 5.666554305565555e-55 1.5901234454817653e-85 4.661989992469403e-81 1.2846909614418773e-119 
0.0 2.7079140369998283e-106 2.7079140369998283e-106 9.753997908011465e-67 9.540681664658566e-19 5.0514868162076186e-14 5.280189610018365e-05 0.9999471981038494 
3.912745327014395e-88 0.5 0.5 3.8498605641804775e-20 1.15532399903004e-72 5.1968252502308634e-108 3.57146165154393e-107 8.084120248129351e-157 
5.386240982476264e-149 6.200562278458266e-16 6.200562278458266e-16 0.9999999999999987 3.147084677585237e-47 4.8594823089452456e-96 5.992971217716343e-71 2.6456283636383745e-104 
1.4085509113442234e-273 2.71853428992622e-51 2.71853428992622e-51 6.140283554047013e-48 1.4469584291813817e-05 5.284937863702227e-16 0.9999808467658902 4.683649817342607e-06 
0.0 3.091891787260279e-158 3.091891787260279e-158 1.2474642090242935e-141 9.270996597538288e-22 4.304427282273737e-11 8.810727515430123e-07 0.9999991188842042 
0.0 2.5427328032431696e-69 2.5427328032431696e-69 2.7491999797205074e-54 6.115653931069132e-11 1.667727238007485e-19 0.24480495275113906 0.7551950471877044 
1.0 5.686380902847985e-99 5.686380902847985e-99 4.404769337620287e-129 3.3244104927699585e-273 0.0 0.0 0.0 
2.8997022519965423e-84 0.5 0.5 5.1938201762125205e-19 2.7404318342547705e-83 2.1691075732076153e-121 5.891266866154867e-120 1.88256223196082e-169 
1.1261352233359174e-101 0.4999999999999998 0.4999999999999998 4.840826812977903e-16 2.236753549603009e-48 4.333743720314377e-86 1.9968325204698277e-76 4.2919136802936784e-114 
1.0 1.1616778010705836e-106 1.1616778010705836e-106 1.2609387247320926e-140 8.492900929511729e-267 0.0 0.0 0.0 
8.720082588878532e-278 6.81528321587755e-66 6.81528321587755e-66 3.892529929436603e-47 0.05910364563790283 7.835425270511656e-10 0.9408963449269955 8.651559212234419e-09 
5.217686257962962e-102 0.5 0.5 1.4588204008173272e-19 7.104205455702178e-58 5.629564335593704e-76 7.535320222328764e-89 1.4781884442879534e-127 
0.0 7.808729765113625e-168 7.808729765113625e-168 1.1019285579923615e-105 8.165628493566925e-13 2.5916902913468412e-15 0.11733485423559666 0.8826651457635842 
8.70921078430081e-214 9.126732333944028e-62 9.126732333944028e-62 9.917921777875896e-47 0.9999962081567705 7.425699437887467e-08 3.7175862352304132e-06 1.4902815994703054e-20 
4.323679013443203e-264 7.311740709964458e-65 7.311740709964458e-65 5.428301862258179e-34 0.9984038074013387 1.0190903461438991e-19 0.0015961925986608513 3.494854561561847e-16 
2.7120345042566433e-140 1.4673708967436699e-18 1.4673708967436699e-18 1.0 1.8671401234356837e-37 1.394193803231575e-88 9.226124339880261e-58 2.219708978639923e-89 
4.098055204015562e-255 2.49301753340331e-77 2.49301753340331e-77 2.825723129968932e-62 0.9994932779564365 3.3138373367411333e-09 0.0005067187293604826 3.6568908034388175e-13 
0.0 2.613753287090915e-104 2.613753287090915e-104 8.555381436743402e-112 2.547889287301203e-16 0.9999999999798032 2.0191439695367825e-11 5.168374107540546e-15 
4.742737703351694e-133 0.5 0.5 7.542391852571153e-19 6.277944890336085e-45 2.2795402340779787e-33 2.086963253357962e-67 7.142065042144193e-95 
